------------------------------
Sys Name : BollingerBandSys
Mkt Symb : aapl.csv
20060502     BollShrt  1  10.02000       0.00       0.00
20060727      SXC>AVG  1   9.06000      -4.00      -4.00
20060803      BollBuy  1   9.98941       0.00       0.00
20061222      LXC<AVG  1  11.74000      75.06      71.06
20070110      BollBuy  1  13.54000       0.00       0.00
20070123      LXC<AVG  1  12.24000    -230.00    -158.94
20070326      BollBuy  1  13.60736       0.00       0.00
20070810      LXC<AVG  1  17.86000     325.26     166.32
20070904      BollBuy  1  20.75548       0.00       0.00
20071112      LXC<AVG  1  21.97000      21.45     187.77
20071226      BollBuy  1  28.63986       0.00       0.00
20080104      LXC<AVG  1  25.72000    -391.99    -204.21
20080116     BollShrt  1  22.98692       0.00       0.00
20080326      SXC>AVG  1  20.72000     126.69     -77.52
20080418      BollBuy  1  22.73000       0.00       0.00
20080624      LXC<AVG  1  24.75000     102.00      24.48
20080721     BollShrt  1  23.59401       0.00       0.00
20080812      SXC>AVG  1  25.25000    -265.60    -241.12
20080908     BollShrt  1  22.28048       0.00       0.00
20090105      SXC>AVG  1  13.51000     777.05     535.93
20090115     BollShrt  1  11.46778       0.00       0.00
20090128      SXC>AVG  1  13.46000    -299.22     236.71
20090206      BollBuy  1  14.28981       0.00       0.00
20090219      LXC<AVG  1  12.95000    -233.98       2.73
20090318      BollBuy  1  14.34955       0.00       0.00
20091207      LXC<AVG  1  26.99000    1164.04    1166.77
20091224      BollBuy  1  29.84621       0.00       0.00
20100122      LXC<AVG  1  28.25000    -259.62     907.15
20100305      BollBuy  1  30.97597       0.00       0.00
20100520      LXC<AVG  1  33.97000     199.40    1106.55
20100617      BollBuy  1  38.93781       0.00       0.00
20100630      LXC<AVG  1  35.93000    -400.78     705.77
20100824     BollShrt  1  34.58454       0.00       0.00
20100903      SXC>AVG  1  36.97000    -338.55     367.23
20100916      BollBuy  1  38.92620       0.00       0.00
20110316      LXC<AVG  1  47.14000     721.38    1088.61
20110415     BollShrt  1  46.78466       0.00       0.00
20110421      SXC>AVG  1  50.10000    -431.53     657.07
20110610     BollShrt  1  46.71676       0.00       0.00
20110701      SXC>AVG  1  49.04000    -332.32     324.75
20110707      BollBuy  1  50.89120       0.00       0.00
20110819      LXC<AVG  1  50.86000    -103.12     221.63
20110919      BollBuy  1  58.72494       0.00       0.00
20110930      LXC<AVG  1  54.47000    -525.49    -303.87
20111014      BollBuy  1  59.55000       0.00       0.00
20111110      LXC<AVG  1  55.03000    -552.00    -855.87
20111121     BollShrt  1  52.51369       0.00       0.00
20111205      SXC>AVG  1  56.14000    -462.63   -1318.50
20120106      BollBuy  1  60.18535       0.00       0.00
20120504      LXC<AVG  1  80.75000    1956.47     637.97
20120709      BollBuy  1  87.68755       0.00       0.00
20120725      LXC<AVG  1  82.14000    -654.76     -16.79
20120806      BollBuy  1  89.04674       0.00       0.00
20121008      LXC<AVG  1  91.17000     112.33      95.54
20121026     BollShrt  1  85.84924       0.00       0.00
20130430      SXC>AVG  1  63.25000    2159.92    2255.46
20130624     BollShrt  1  57.25022       0.00       0.00
20130724      SXC>AVG  1  62.93000    -667.98    1587.49
20130805      BollBuy  1  66.43595       0.00       0.00
20130916      LXC<AVG  1  64.30000    -313.60    1273.89
20131021      BollBuy  1  74.01320       0.00       0.00
20140109      LXC<AVG  1  76.65000     163.68    1437.57
20140128     BollShrt  1  72.65590       0.00       0.00
20140213      SXC>AVG  1  77.78000    -612.41     825.16
20140424      BollBuy  1  81.17000       0.00       0.00
20140925      LXC<AVG  1  97.87000    1570.00    2395.16
20141022      BollBuy  1 103.96741       0.00       0.00
20141216      LXC<AVG  1 106.75000     178.26    2573.42
20150129      BollBuy  1 118.47209       0.00       0.00
20150430      LXC<AVG  1 125.15000     567.79    3141.21
20150521      BollBuy  1 131.29129       0.00       0.00
20150609      LXC<AVG  1 127.42000    -487.13    2654.08
20150707     BollShrt  1 124.04104       0.00       0.00
20150716      SXC>AVG  1 128.51000    -546.90    2107.19
20150720      BollBuy  1 132.72719       0.00       0.00
20150722      LXC<AVG  1 125.22000    -850.72    1256.47
20150722     BollShrt  1 121.99000       0.00       0.00
20151020      SXC>AVG  1 113.77000     722.00    1978.47
20151028      BollBuy  1 119.14732       0.00       0.00
20151113      LXC<AVG  1 112.34000    -780.73    1197.73
20151218     BollShrt  1 107.61076       0.00       0.00
20160304      SXC>AVG  1 103.01000     360.08    1557.81
20160329      BollBuy  1 107.58831       0.00       0.00
20160427      LXC<AVG  1  97.82000   -1076.83     480.98
------------------------------
Sys Name : BollingerBandSys
Mkt Symb : dbc.csv
20060502      BollBuy  1  26.14000       0.00       0.00
20060726      LXC<AVG  1  25.21000    -193.00    -193.00
20060911     BollShrt  1  23.98602       0.00       0.00
20061025      SXC>AVG  1  24.70000    -171.40    -364.40
20061129      BollBuy  1  25.40960       0.00       0.00
20061218      LXC<AVG  1  24.47000    -193.96    -558.36
20070104     BollShrt  1  23.55000       0.00       0.00
20070209      SXC>AVG  1  24.42000    -187.00    -745.36
20070329      BollBuy  1  25.64619       0.00       0.00
20070510      LXC<AVG  1  24.98000    -166.62    -911.98
20070613      BollBuy  1  26.09399       0.00       0.00
20070803      LXC<AVG  1  25.90000    -119.40   -1031.38
20070810     BollShrt  1  25.13000       0.00       0.00
20070904      SXC>AVG  1  25.98000    -185.00   -1216.38
20070918      BollBuy  1  26.79807       0.00       0.00
20080123      LXC<AVG  1  30.72000     292.19    -924.18
20080125      BollBuy  1  32.48730       0.00       0.00
20080718      LXC<AVG  1  42.05000     856.27     -67.91
20080804     BollShrt  1  38.31884       0.00       0.00
20090317      SXC>AVG  1  19.97000    1734.88    1666.97
20090507      BollBuy  1  21.67000       0.00       0.00
20090706      LXC<AVG  1  21.37000    -130.00    1536.97
20091015      BollBuy  1  23.75108       0.00       0.00
20091221      LXC<AVG  1  23.61000    -114.11    1422.86
20100104      BollBuy  1  25.17000       0.00       0.00
20100120      LXC<AVG  1  24.07000    -210.00    1212.86
20100127     BollShrt  1  23.24000       0.00       0.00
20100305      SXC>AVG  1  23.94000    -170.00    1042.86
20100414      BollBuy  1  24.55004       0.00       0.00
20100505      LXC<AVG  1  23.36000    -219.00     823.86
20100506     BollShrt  1  22.83824       0.00       0.00
20100722      SXC>AVG  1  22.51000     -67.18     756.68
20100802      BollBuy  1  23.33000       0.00       0.00
20100823      LXC<AVG  1  22.05000    -228.00     528.68
20100914      BollBuy  1  23.54967       0.00       0.00
20110505      LXC<AVG  1  28.69000     414.03     942.72
20110517     BollShrt  1  28.28848       0.00       0.00
20110531      SXC>AVG  1  30.25000    -296.15     646.57
20110623     BollShrt  1  28.30099       0.00       0.00
20110707      SXC>AVG  1  30.00000    -269.90     376.66
20110805     BollShrt  1  28.32546       0.00       0.00
20110826      SXC>AVG  1  29.61000    -228.45     148.21
20110922     BollShrt  1  27.20000       0.00       0.00
20111107      SXC>AVG  1  28.40000    -220.00     -71.79
20111215     BollShrt  1  25.92479       0.00       0.00
20120103      SXC>AVG  1  27.64000    -271.52    -343.31
20120207      BollBuy  1  28.54669       0.00       0.00
20120329      LXC<AVG  1  28.48000    -106.67    -449.98
20120503     BollShrt  1  27.76867       0.00       0.00
20120703      SXC>AVG  1  26.42000      34.87    -415.11
20120809      BollBuy  1  28.20592       0.00       0.00
20121019      LXC<AVG  1  28.00000    -120.59    -535.70
20121023     BollShrt  1  27.39990       0.00       0.00
20130102      SXC>AVG  1  27.88000    -148.01    -683.71
20130122      BollBuy  1  28.10953       0.00       0.00
20130220      LXC<AVG  1  27.92000    -118.95    -802.67
20130228     BollShrt  1  27.12896       0.00       0.00
20130618      SXC>AVG  1  26.41000     -28.10    -830.77
20130621     BollShrt  1  25.45643       0.00       0.00
20130711      SXC>AVG  1  26.06000    -160.36    -991.13
20130826      BollBuy  1  26.71000       0.00       0.00
20130916      LXC<AVG  1  26.01000    -170.00   -1161.13
20131101     BollShrt  1  25.46879       0.00       0.00
20131210      SXC>AVG  1  25.73000    -126.12   -1287.25
20140108     BollShrt  1  24.95406       0.00       0.00
20140207      SXC>AVG  1  25.51000    -155.59   -1442.84
20140218      BollBuy  1  25.97295       0.00       0.00
20140509      LXC<AVG  1  26.10000     -87.29   -1530.14
20140619      BollBuy  1  26.75000       0.00       0.00
20140707      LXC<AVG  1  26.19000    -156.00   -1686.14
20140711     BollShrt  1  25.84047       0.00       0.00
20150407      SXC>AVG  1  17.60000     724.05    -962.09
20150506      BollBuy  1  18.52245       0.00       0.00
20150526      LXC<AVG  1  17.64000    -188.24   -1150.34
20150706     BollShrt  1  17.21872       0.00       0.00
20151006      SXC>AVG  1  15.65000      56.87   -1093.46
20151111     BollShrt  1  14.59779       0.00       0.00
20160302      SXC>AVG  1  12.83000      76.78   -1016.69
20160318      BollBuy  1  13.67088       0.00       0.00
20160428        L-EOD  1  14.44000     -23.09   -1039.77
------------------------------
Sys Name : BollingerBandSys
Mkt Symb : fb.csv
20120521     BollShrt  1  36.53000       0.00       0.00
20121024   RevShrtLiq  1  24.13000    1140.00    1140.00
20121024      BollBuy  1  24.13000       0.00       0.00
20121108      LXC<AVG  1  19.99000    -514.00     626.00
20121116      BollBuy  1  23.14909       0.00       0.00
20130212      LXC<AVG  1  27.37000     322.09     948.09
20130327     BollShrt  1  24.88814       0.00       0.00
20130430      SXC>AVG  1  27.77000    -388.19     559.90
20130522     BollShrt  1  25.03564       0.00       0.00
20130709      SXC>AVG  1  25.48000    -144.44     415.47
20130725      BollBuy  1  33.54000       0.00       0.00
20131111      LXC<AVG  1  46.20000    1166.00    1581.47
20131213      BollBuy  1  53.24773       0.00       0.00
20140326      LXC<AVG  1  60.39000     614.23    2195.70
20140428     BollShrt  1  55.74557       0.00       0.00
20140527      SXC>AVG  1  63.48000    -873.44    1322.25
20140624      BollBuy  1  66.31090       0.00       0.00
20141010      LXC<AVG  1  72.91000     559.91    1882.16
20141015     BollShrt  1  71.12426       0.00       0.00
20141017      SXC>AVG  1  75.95000    -582.57    1299.59
20141022      BollBuy  1  79.51342       0.00       0.00
20141029      LXC<AVG  1  75.86000    -465.34     834.25
20141222      BollBuy  1  80.31615       0.00       0.00
20150106      LXC<AVG  1  76.15000    -516.61     317.63
20150226      BollBuy  1  80.66541       0.00       0.00
20150310      LXC<AVG  1  77.55000    -411.54     -93.91
20150319      BollBuy  1  81.78041       0.00       0.00
20150430      LXC<AVG  1  78.77000    -401.04    -494.95
20150622      BollBuy  1  84.45581       0.00       0.00
20150821      LXC<AVG  1  86.06000      60.42    -434.53
20150824     BollShrt  1  75.58000       0.00       0.00
20150827      SXC>AVG  1  89.73000   -1515.00   -1949.53
20151020      BollBuy  1  99.00304       0.00       0.00
20160104      LXC<AVG  1 102.22000     221.70   -1727.83
20160111     BollShrt  1  97.32021       0.00       0.00
20160128      SXC>AVG  1 109.11000   -1278.98   -3006.81
20160129      BollBuy  1 111.86340       0.00       0.00
20160205      LXC<AVG  1 104.07000    -879.34   -3886.15
20160428      BollBuy  1 119.58000       0.00       0.00
20160428        L-EOD  1 116.73000    -385.00   -4271.15
------------------------------
Sys Name : BollingerBandSys
Mkt Symb : gdx.csv
20120712     BollShrt  1  40.78910       0.00       0.00
20120807      SXC>AVG  1  44.23000    -444.09    -444.09
20120906      BollBuy  1  48.83110       0.00       0.00
20121102      LXC<AVG  1  49.76000      -7.11    -451.20
20121115     BollShrt  1  45.87253       0.00       0.00
20130722      SXC>AVG  1  27.44000    1743.25    1292.05
20131011     BollShrt  1  22.94640       0.00       0.00
20131028      SXC>AVG  1  26.54000    -459.36     832.69
20131125     BollShrt  1  21.85000       0.00       0.00
20140117      SXC>AVG  1  23.33000    -248.00     584.69
20140210      BollBuy  1  24.58929       0.00       0.00
20140326      LXC<AVG  1  23.49000    -209.93     374.76
20140528     BollShrt  1  22.17123       0.00       0.00
20140612      SXC>AVG  1  24.03000    -285.88      88.89
20140619      BollBuy  1  25.17000       0.00       0.00
20140825      LXC<AVG  1  25.62000     -55.00      33.89
20140908     BollShrt  1  24.59036       0.00       0.00
20150105      SXC>AVG  1  19.44000     415.04     448.92
20150112      BollBuy  1  21.52939       0.00       0.00
20150304      LXC<AVG  1  20.04000    -248.94     199.99
20150616     BollShrt  1  18.35744       0.00       0.00
20151002      SXC>AVG  1  14.49000     286.74     486.73
20151008      BollBuy  1  15.77218       0.00       0.00
20151104      LXC<AVG  1  14.62000    -215.22     271.51
20160119     BollShrt  1  12.53241       0.00       0.00
20160126      SXC>AVG  1  13.97000    -243.76      27.75
20160203      BollBuy  1  14.73871       0.00       0.00
20160428        L-EOD  1  24.28000     854.13     881.88
------------------------------
Sys Name : BollingerBandSys
Mkt Symb : goog.csv
20120530     BollShrt  1 291.88108       0.00       0.00
20120705      SXC>AVG  1 297.96000    -707.89    -707.89
20120727      BollBuy  1 312.81087       0.00       0.00
20121018      LXC<AVG  1 347.50000    3368.91    2661.02
20130123      BollBuy  1 372.79349       0.00       0.00
20130405      LXC<AVG  1 391.53000    1773.65    4434.67
20130503      BollBuy  1 419.03496       0.00       0.00
20130729      LXC<AVG  1 441.14000    2110.50    6545.18
20130827     BollShrt  1 425.86854       0.00       0.00
20130909      SXC>AVG  1 444.03000   -1916.15    4629.03
20131009     BollShrt  1 424.24310       0.00       0.00
20131015      SXC>AVG  1 441.01000   -1776.69    2852.34
20131018      BollBuy  1 488.29000       0.00       0.00
20140324      LXC<AVG  1 578.97000    8968.00   11820.34
20140404     BollShrt  1 549.40549       0.00       0.00
20140527      SXC>AVG  1 565.95000   -1754.45   10065.89
20140625      BollBuy  1 575.53424       0.00       0.00
20140807      LXC<AVG  1 563.36000   -1317.42    8748.47
20140919      BollBuy  1 595.72443       0.00       0.00
20140925      LXC<AVG  1 575.06000   -2166.44    6582.02
20141008     BollShrt  1 561.56095       0.00       0.00
20150122      SXC>AVG  1 534.39000    2617.09    9199.12
20150226      BollBuy  1 553.20129       0.00       0.00
20150402      LXC<AVG  1 535.53000   -1867.13    7331.99
20150506     BollShrt  1 522.09398       0.00       0.00
20150622      SXC>AVG  1 538.19000   -1709.60    5622.39
20150629     BollShrt  1 522.26432       0.00       0.00
20150713      SXC>AVG  1 546.55000   -2528.57    3093.82
20150714      BollBuy  1 552.35754       0.00       0.00
20150825      LXC<AVG  1 582.06000    2870.25    5964.06
20151023      BollBuy  1 727.50000       0.00       0.00
20160107      LXC<AVG  1 726.39000    -211.00    5753.06
20160120     BollShrt  1 688.61000       0.00       0.00
20160122     S-MMLoss  1 725.25000   -3764.00    1989.06
20160127     BollShrt  1 697.46796       0.00       0.00
20160128     S-MMLoss  1 730.96000   -3449.20   -1460.14
20160202      BollBuy  1 784.50000       0.00       0.00
20160203     L-MMLoss  1 754.50000   -3100.00   -4560.14
20160205     BollShrt  1 697.14545       0.00       0.00
20160311      SXC>AVG  1 726.82000   -3067.45   -7627.60
20160418      BollBuy  1 767.42685       0.00       0.00
20160422     L-MMLoss  1 726.30000   -4212.68  -11840.28
------------------------------
Sys Name : BollingerBandSys
Mkt Symb : ivm.csv
20120521     BollShrt  1  74.93000       0.00       0.00
20120629      SXC>AVG  1  79.56000    -563.00    -563.00
20120821      BollBuy  1  82.20285       0.00       0.00
20121019      LXC<AVG  1  81.85000    -135.28    -698.28
20121108     BollShrt  1  79.34344       0.00       0.00
20121210      SXC>AVG  1  82.54000    -419.66   -1117.94
20130102      BollBuy  1  86.34000       0.00       0.00
20130415      LXC<AVG  1  90.11000     277.00    -840.94
20130503      BollBuy  1  95.45857       0.00       0.00
20130624      LXC<AVG  1  94.71000    -174.86   -1015.80
20130711      BollBuy  1 102.42000       0.00       0.00
20130827      LXC<AVG  1 100.76000    -266.00   -1281.80
20130918      BollBuy  1 107.60295       0.00       0.00
20131008      LXC<AVG  1 104.06000    -454.29   -1736.09
20131014      BollBuy  1 108.27136       0.00       0.00
20140127      LXC<AVG  1 111.79000     251.86   -1484.23
20140205     BollShrt  1 107.91292       0.00       0.00
20140213      SXC>AVG  1 113.90000    -698.71   -2182.94
20140226      BollBuy  1 117.78836       0.00       0.00
20140326      LXC<AVG  1 114.69000    -409.84   -2592.77
20140415     BollShrt  1 108.96618       0.00       0.00
20140605      SXC>AVG  1 114.78000    -681.38   -3274.16
20140619      BollBuy  1 118.20986       0.00       0.00
20140717      LXC<AVG  1 112.48000    -672.99   -3947.14
20140925     BollShrt  1 110.52999       0.00       0.00
20141028      SXC>AVG  1 114.17000    -464.00   -4411.14
20150206      BollBuy  1 120.71462       0.00       0.00
20150430      LXC<AVG  1 121.18000     -53.46   -4464.60
20150618      BollBuy  1 127.38121       0.00       0.00
20150629      LXC<AVG  1 124.28000    -410.12   -4874.72
20150727     BollShrt  1 120.82270       0.00       0.00
20151023      SXC>AVG  1 115.85000     397.27   -4477.45
20160104     BollShrt  1 110.61000       0.00       0.00
20160302      SXC>AVG  1 106.02000     359.00   -4118.45
------------------------------
Sys Name : BollingerBandSys
Mkt Symb : msft.csv
20120521     BollShrt  1  29.10000       0.00       0.00
20120619      SXC>AVG  1  30.70000    -260.00    -260.00
20120906      BollBuy  1  31.24732       0.00       0.00
20120926      LXC<AVG  1  30.17000    -207.73    -467.73
20121010     BollShrt  1  29.02971       0.00       0.00
20130123      SXC>AVG  1  27.61000      41.97    -425.76
20130213      BollBuy  1  28.04858       0.00       0.00
20130719      LXC<AVG  1  31.40000     235.14    -190.62
20130719     BollShrt  1  32.13854       0.00       0.00
20130823      SXC>AVG  1  34.75000    -361.15    -551.76
20131014      BollBuy  1  34.31751       0.00       0.00
20140106      LXC<AVG  1  36.13000      81.25    -470.52
20140318      BollBuy  1  38.66327       0.00       0.00
20141010      LXC<AVG  1  44.03000     436.67     -33.84
20141015     BollShrt  1  42.58817       0.00       0.00
20141024      SXC>AVG  1  46.13000    -454.18    -488.02
20141106      BollBuy  1  48.02147       0.00       0.00
20141215      LXC<AVG  1  46.67000    -235.15    -723.17
20150127     BollShrt  1  42.95000       0.00       0.00
20150420      SXC>AVG  1  42.91000     -96.00    -819.17
20150424      BollBuy  1  45.66000       0.00       0.00
20150626      LXC<AVG  1  45.26000    -140.00    -959.17
20150821     BollShrt  1  44.20666       0.00       0.00
20151002      SXC>AVG  1  45.57000    -236.33   -1195.51
20151023      BollBuy  1  52.30000       0.00       0.00
20160107      LXC<AVG  1  52.17000    -113.00   -1308.51
20160119     BollShrt  1  50.62278       0.00       0.00
20160129      SXC>AVG  1  55.09000    -546.72   -1855.23
20160205     BollShrt  1  50.69089       0.00       0.00
20160309      SXC>AVG  1  52.84000    -314.91   -2170.14
20160330      BollBuy  1  55.42222       0.00       0.00
20160422      LXC<AVG  1  51.78000    -464.22   -2634.36
------------------------------
Sys Name : BollingerBandSys
Mkt Symb : qqq.csv
20120521     BollShrt  1  60.55000       0.00       0.00
20120629      SXC>AVG  1  63.79000    -424.00    -424.00
20120803      BollBuy  1  65.02227       0.00       0.00
20121009      LXC<AVG  1  66.89000      86.77    -337.23
20121025     BollShrt  1  64.69653       0.00       0.00
20121218      SXC>AVG  1  66.17000    -247.35    -584.57
20130305      BollBuy  1  68.31527       0.00       0.00
20130418      LXC<AVG  1  66.80000    -251.53    -836.10
20130425      BollBuy  1  69.54443       0.00       0.00
20130620      LXC<AVG  1  70.65000      10.56    -825.54
20130717      BollBuy  1  75.24602       0.00       0.00
20140129      LXC<AVG  1  84.56000     831.40       5.85
20140213      BollBuy  1  88.93790       0.00       0.00
20140326      LXC<AVG  1  87.37000    -256.79    -250.94
20140411     BollShrt  1  84.34000       0.00       0.00
20140513      SXC>AVG  1  88.29000    -495.00    -745.94
20140605      BollBuy  1  91.73738       0.00       0.00
20141001      LXC<AVG  1  97.21000     447.26    -298.67
20141013     BollShrt  1  94.26405       0.00       0.00
20141023      SXC>AVG  1  97.82000    -455.60    -754.27
20141126      BollBuy  1 105.44984       0.00       0.00
20141216      LXC<AVG  1  99.98000    -646.98   -1401.25
20150202     BollShrt  1  99.81289       0.00       0.00
20150205      SXC>AVG  1 103.76000    -494.71   -1895.96
20150213      BollBuy  1 106.52775       0.00       0.00
20150417      LXC<AVG  1 106.01000    -151.78   -2047.74
20150424      BollBuy  1 110.68707       0.00       0.00
20150506      LXC<AVG  1 106.71000    -497.71   -2545.45
20150520      BollBuy  1 110.65189       0.00       0.00
20150609      LXC<AVG  1 108.01000    -364.19   -2909.64
20150707     BollShrt  1 106.45194       0.00       0.00
20150713      SXC>AVG  1 109.54000    -408.81   -3318.44
20150716      BollBuy  1 111.61056       0.00       0.00
20150820      LXC<AVG  1 107.08000    -553.06   -3871.50
20150821     BollShrt  1 105.57000       0.00       0.00
20151015      SXC>AVG  1 107.67000    -310.00   -4181.50
20151028      BollBuy  1 113.70589       0.00       0.00
20151218      LXC<AVG  1 109.83000    -487.59   -4669.09
20160107     BollShrt  1 105.96000       0.00       0.00
20160302      SXC>AVG  1 105.83000     -87.00   -4756.09
------------------------------
Sys Name : BollingerBandSys
Mkt Symb : slv.csv
20120523     BollShrt  1  26.83938       0.00       0.00
20120730      SXC>AVG  1  27.36000    -152.06    -152.06
20120821      BollBuy  1  28.31000       0.00       0.00
20121023      LXC<AVG  1  30.68000     137.00     -15.06
20121219     BollShrt  1  30.15000       0.00       0.00
20130122      SXC>AVG  1  31.12000    -197.00    -212.06
20130220     BollShrt  1  28.03000       0.00       0.00
20130812      SXC>AVG  1  20.62000     641.00     428.94
20130816      BollBuy  1  22.45192       0.00       0.00
20131001      LXC<AVG  1  20.42000    -303.19     125.75
20131113     BollShrt  1  19.75344       0.00       0.00
20140206      SXC>AVG  1  19.17000     -41.66      84.09
20140214      BollBuy  1  20.36000       0.00       0.00
20140320      LXC<AVG  1  19.52000    -184.00     -99.91
20140619      BollBuy  1  19.40202       0.00       0.00
20140805      LXC<AVG  1  19.05000    -135.20    -235.11
20140911     BollShrt  1  17.93000       0.00       0.00
20141209      SXC>AVG  1  16.32000      61.00    -174.11
20150116      BollBuy  1  16.68627       0.00       0.00
20150217      LXC<AVG  1  15.83000    -185.63    -359.74
20150513      BollBuy  1  16.39592       0.00       0.00
20150604      LXC<AVG  1  15.48000    -191.59    -551.33
20150630     BollShrt  1  14.80381       0.00       0.00
20150917      SXC>AVG  1  14.42000     -61.62    -612.95
20151005      BollBuy  1  14.92000       0.00       0.00
20151104      LXC<AVG  1  14.38000    -154.00    -766.95
20160203      BollBuy  1  13.96190       0.00       0.00
20160404      LXC<AVG  1  14.20000     -76.19    -843.14
20160412      BollBuy  1  15.37222       0.00       0.00
20160429        L-EOD  1  16.98000      60.78    -782.36
------------------------------
Sys Name : BollingerBandSys
Mkt Symb : spy.csv
20120521     BollShrt  1 130.16000       0.00       0.00
20120629      SXC>AVG  1 136.11000    -695.00    -695.00
20120730      BollBuy  1 138.92870       0.00       0.00
20121023      LXC<AVG  1 141.42000     149.13    -545.87
20121107     BollShrt  1 139.31706       0.00       0.00
20121211      SXC>AVG  1 143.44000    -512.29   -1058.16
20130117      BollBuy  1 148.00824       0.00       0.00
20130620      LXC<AVG  1 159.40000    1039.18     -18.99
20130718      BollBuy  1 169.08725       0.00       0.00
20130819      LXC<AVG  1 164.77000    -531.72    -550.71
20130918      BollBuy  1 173.18307       0.00       0.00
20131003      LXC<AVG  1 167.62000    -656.31   -1207.02
20131017      BollBuy  1 172.90588       0.00       0.00
20140124      LXC<AVG  1 178.89000     498.41    -708.61
20140203     BollShrt  1 175.74245       0.00       0.00
20140211      SXC>AVG  1 181.98000    -723.75   -1432.36
20140228      BollBuy  1 187.08730       0.00       0.00
20140410      LXC<AVG  1 183.16000    -492.73   -1925.09
20140512      BollBuy  1 189.76221       0.00       0.00
20140731      LXC<AVG  1 193.09000     232.78   -1692.31
20140821      BollBuy  1 199.61564       0.00       0.00
20140925      LXC<AVG  1 196.34000    -427.56   -2119.88
20141010     BollShrt  1 191.80478       0.00       0.00
20141024      SXC>AVG  1 196.43000    -562.52   -2682.40
20141218      BollBuy  1 212.14082       0.00       0.00
20150106      LXC<AVG  1 199.82000   -1332.08   -4014.48
20150129     BollShrt  1 198.99980       0.00       0.00
20150203      SXC>AVG  1 204.84000    -684.02   -4698.50
20150220      BollBuy  1 211.23615       0.00       0.00
20150310      LXC<AVG  1 204.98000    -725.62   -5424.12
20150518      BollBuy  1 213.37629       0.00       0.00
20150608      LXC<AVG  1 208.48000    -589.63   -6013.75
20150629     BollShrt  1 207.28087       0.00       0.00
20150714      SXC>AVG  1 210.68000    -439.91   -6453.66
20150812     BollShrt  1 205.76054       0.00       0.00
20150817      SXC>AVG  1 210.59000    -582.95   -7036.60
20150820     BollShrt  1 205.79834       0.00       0.00
20151012      SXC>AVG  1 201.52000     327.83   -6708.77
20160104     BollShrt  1 199.53354       0.00       0.00
20160301      SXC>AVG  1 198.11000      42.35   -6666.42
------------------------------
Sys Name : BollingerBandSys
Mkt Symb : twtr.csv
20131108      BollBuy  1  45.93000       0.00       0.00
20140206      LXC<AVG  1  50.03000     310.00     310.00
20140326     BollShrt  1  47.46623       0.00       0.00
20140618      SXC>AVG  1  38.74000     772.62    1082.62
20140730      BollBuy  1  47.02000       0.00       0.00
20141027      LXC<AVG  1  48.56000      54.00    1136.62
20141028     BollShrt  1  42.25000       0.00       0.00
20150123      SXC>AVG  1  39.42000     183.00    1319.62
20150205      BollBuy  1  42.04000       0.00       0.00
20150428      LXC<AVG  1  42.27000     -77.00    1242.62
20150428     BollShrt  1  41.70511       0.00       0.00
20150728      SXC>AVG  1  36.54000     416.51    1659.13
20150729     BollShrt  1  32.59000       0.00       0.00
20151007      SXC>AVG  1  29.83000     176.00    1835.13
20151027      BollBuy  1  31.32455       0.00       0.00
20151109      LXC<AVG  1  27.09000    -523.46    1311.68
20151208     BollShrt  1  23.60016       0.00       0.00
20160406      SXC>AVG  1  17.26000     534.02    1845.69
20160427     BollShrt  1  14.85426       0.00       0.00
20160428        S-EOD  1  14.64000     -78.57    1767.12
------------------------------
Sys Name : BollingerBandSys
Mkt Symb : uso.csv
20131114     BollShrt  1  33.48199       0.00       0.00
20131219      SXC>AVG  1  35.32000    -283.80    -283.80
20140109     BollShrt  1  32.82854       0.00       0.00
20140122      SXC>AVG  1  34.56000    -273.15    -556.95
20140212      BollBuy  1  36.07000       0.00       0.00
20140317      LXC<AVG  1  35.15000    -192.00    -748.95
20140416      BollBuy  1  37.78000       0.00       0.00
20140430      LXC<AVG  1  36.32000    -246.00    -994.95
20140521      BollBuy  1  37.81985       0.00       0.00
20140709      LXC<AVG  1  37.69000    -112.98   -1107.93
20140731     BollShrt  1  36.30924       0.00       0.00
20150326      SXC>AVG  1  18.21000    1709.92     601.99
20150416      BollBuy  1  20.01359       0.00       0.00
20150629      LXC<AVG  1  19.51000    -150.36     451.63
20150706     BollShrt  1  18.32000       0.00       0.00
20151006      SXC>AVG  1  15.74000     158.00     609.63
20151113     BollShrt  1  13.14191       0.00       0.00
20160304      SXC>AVG  1   9.65000     249.19     858.82
20160412      BollBuy  1  10.69385       0.00       0.00
20160429        L-EOD  1  11.40000     -29.39     829.44
------------------------------
Sys Name : BollingerBandSys
Mkt Symb : vxx.csv
20140203      BollBuy  1  50.35256       0.00       0.00
20140211      LXC<AVG  1  43.81000    -754.26    -754.26
20140506     BollShrt  1  39.52383       0.00       0.00
20140731      SXC>AVG  1  31.54000     698.38     -55.87
20141002      BollBuy  1  32.84098       0.00       0.00
20141028      LXC<AVG  1  30.50000    -334.10    -389.97
20150114      BollBuy  1  36.08000       0.00       0.00
20150213      LXC<AVG  1  30.97000    -611.00   -1000.97
20150413     BollShrt  1  21.72497       0.00       0.00
20150629      SXC>AVG  1  20.31000      41.50    -959.47
20150716     BollShrt  1  16.86147       0.00       0.00
20150821      SXC>AVG  1  20.72000    -485.85   -1445.33
20150824      BollBuy  1  27.15000       0.00       0.00
20151012      LXC<AVG  1  20.00000    -815.00   -2260.33
20160104      BollBuy  1  22.00104       0.00       0.00
20160301      LXC<AVG  1  22.72000     -28.10   -2288.43
20160329     BollShrt  1  17.98252       0.00       0.00
20160428        S-EOD  1  16.28000      70.25   -2218.18
------------------------------
Sys Name : BollingerBandSys
Mkt Symb : xom.csv
20131108      BollBuy  1  91.80000       0.00       0.00
20140124      LXC<AVG  1  94.85000     205.00     205.00
20140203     BollShrt  1  90.81554       0.00       0.00
20140224      SXC>AVG  1  96.44000    -662.45    -457.45
20140416      BollBuy  1  99.70696       0.00       0.00
20140630      LXC<AVG  1 100.68000      -2.70    -460.14
20140716      BollBuy  1 103.74847       0.00       0.00
20140731      LXC<AVG  1  98.94000    -580.85   -1040.99
20140731     BollShrt  1  99.95731       0.00       0.00
20141031      SXC>AVG  1  96.71000     224.73    -816.26
20141128     BollShrt  1  90.87572       0.00       0.00
20141203      SXC>AVG  1  94.95000    -507.43   -1323.69
20141210     BollShrt  1  90.53291       0.00       0.00
20141219      SXC>AVG  1  93.64000    -410.71   -1734.40
20150114     BollShrt  1  88.01199       0.00       0.00
20150205      SXC>AVG  1  92.36000    -534.80   -2269.20
20150305     BollShrt  1  86.54544       0.00       0.00
20150415      SXC>AVG  1  88.08000    -253.46   -2522.65
20150629     BollShrt  1  83.05000       0.00       0.00
20151005      SXC>AVG  1  76.81000     524.00   -1998.65
20151023      BollBuy  1  82.97704       0.00       0.00
20151203      LXC<AVG  1  78.41000    -556.70   -2555.36
20160108     BollShrt  1  74.66300       0.00       0.00
20160203      SXC>AVG  1  78.48000    -481.70   -3037.06
20160217      BollBuy  1  82.65208       0.00       0.00
20160428        L-EOD  1  88.03000     437.79   -2599.26
