Testing from : 20060502 to: 20160429
---------------------------------------------------------------------------------
SysName         Market TotProfit  MaxDD ClsTrdDD AvgWin AvgLoss PerWins TotTrades
BollingerBan... aapl.csv       480   3545    2660    188    -450    1.43        42
BollingerBan... dbc.csv      -939   3636    3353     87    -163    1.20        40
BollingerBan... fb.csv     -4171   7630    6466    151    -642    1.35        20
BollingerBan... gdx.csv       981   1886    1264    183    -241    1.29        14
BollingerBan... goog.csv    -11840  27605   23660    804   -2236    1.29        21
BollingerBan... ivm.csv     -4118   5216    4874     61    -415    1.24        17
BollingerBan... msft.csv     -2634   3049    2634     39    -285    1.25        16
BollingerBan... qqq.csv     -4756   5246    4761     57    -383    1.20        20
BollingerBan... slv.csv      -682   1648    1272     47    -152    1.27        15
BollingerBan... spy.csv     -6666   7894    7036     88    -639    1.30        20
BollingerBan... twtr.csv      1867   2428     523    143    -226    1.70        10
BollingerBan... uso.csv       929   1154    1107    162    -183    1.30        10
BollingerBan... vxx.csv     -2118   3086    2288     67    -504    1.33         9
BollingerBan... xom.csv     -2499   4258    3242     81    -443    1.31        13
---------------------------------------------------------------------------------
Totals                    -36166  52386
-------------------------------------------------------------------
Combined Monthly Return
Date         Profit Cum.Profit
-------------------------------------------------------------------
20060531         86         86
20060630         14        100
20060731       -297       -197
20060831        -30       -227
20060929        135        -92
20061031       -117       -209
20061130        188        -21
20061229       -466       -487
20070131       -274       -761
20070228       -143       -904
20070330        -60       -965
20070430        118       -847
20070531        146       -701
20070629        -27       -728
20070731        188       -540
20070831       -381       -921
20070928        119       -802
20071031        761        -41
20071130       -636       -677
20071231         91       -586
20080131       -178       -764
20080229        510       -254
20080331       -419       -673
20080430        428       -245
20080530        473        228
20080630        102        330
20080731       -285         45
20080829       -298       -253
20080930        991        738
20081031        937       1675
20081128        527       2202
20081231        211       2413
20090130       -437       1976
20090227       -120       1856
20090331       -119       1737
20090430        296       2033
20090529        298       2331
20090630         34       2365
20090731         74       2439
20090831         69       2508
20090930        245       2753
20091030         29       2782
20091130        270       3052
20091231       -437       2615
20100129       -440       2175
20100226        -94       2081
20100331        128       2209
20100430        362       2571
20100528       -553       2018
20100630       -362       1656
20100730       -194       1462
20100831       -243       1220
20100930       -107       1113
20101029        353       1466
20101130        134       1600
20101231        411       2011
20110131        337       2348
20110228        318       2666
20110331       -353       2313
20110429       -293       2021
20110531       -717       1304
20110630       -189       1114
20110729         76       1190
20110831       -820        370
20110930       -380        -11
20111031       -369       -380
20111130       -757      -1136
20111230       -346      -1482
20120131        322      -1159
20120229       1305        146
20120330        632        778
20120430       -222        556
20120531        339        895
20120629      -1701       -806
20120731       -905      -1711
20120831       4150       2439
20120928       4227       6666
20121031      -5584       1082
20121130       -670        412
20121231        290        702
20130131       2468       3170
20130228       2587       5757
20130328        520       6278
20130430        193       6470
20130531       3099       9569
20130628       -182       9387
20130731      -1454       7933
20130830       -536       7397
20130930      -2505       4892
20131031        766       5658
20131129       2673       8332
20131231       6723      15055
20140131        492      15547
20140228      -2881      12666
20140331      -5071       7595
20140430       1857       9452
20140530      -2931       6522
20140630        428       6949
20140731      -1887       5062
20140829       1001       6063
20140930      -1211       4852
20141031      -3811       1041
20141128       3502       4543
20141231      -1474       3069
20150130      -1882       1187
20150227       -739        448
20150331      -1961      -1513
20150430      -3760      -5273
20150529      -1494      -6768
20150630      -2477      -9245
20150731       4372      -4873
20150831      -5331     -10204
20150930       1752      -8452
20151030      -6896     -15348
20151130       2271     -13077
20151231       1396     -11681
20160129     -10330     -22012
20160229      -3742     -25753
20160331      -5312     -31065
20160429      -5102     -36167
