------------------------------
Sys Name : BollingerBandSys
Mkt Symb : aapl.csv
Profit/Loss : 480.98
Num Trades : 42
Percent Wins : 1.429
Avg Win  : 188.38
Avg Loss : -450.91
Avg Trade: 11.45
MAX DrawDown: 3545.23
------------------------------
20060531        148        148
20060630         36        184
20060731       -188         -4
20060831        -30        -34
20060929        131         97
20061031         58        155
20061130        151        306
20061229       -235         71
20070131       -230       -159
20070228          0       -159
20070330        -34       -193
20070430         99        -94
20070531        305        211
20070629         12        223
20070731        139        362
20070831       -196        166
20070928        116        283
20071031        522        805
20071130       -617        188
20071231        -34        154
20080131          7        160
20080229        148        308
20080331       -386        -78
20080430        212        134
20080530        211        345
20080630       -321         24
20080731         88        113
20080829       -354       -241
20080930        604        363
20081031         87        450
20081128        213        663
20081231        105        768
20090130       -531        237
20090227       -234          3
20090331         67         70
20090430        296        366
20090529        142        508
20090630         95        603
20090731        299        902
20090831         69        971
20090930        245       1216
20091030         45       1261
20091130        163       1424
20091231       -232       1192
20100129       -285        907
20100226          0        907
20100331        259       1167
20100430        373       1540
20100528       -433       1107
20100630       -401        706
20100730          0        706
20100831        -15        691
20100930       -163        529
20101029        246        775
20101130        145        920
20101231        163       1083
20110131        239       1322
20110228        199       1521
20110331       -432       1089
20110429       -432        657
20110531          0        657
20110630       -123        534
20110729        280        814
20110831       -592        222
20110930       -525       -304
20111031       -172       -476
20111130       -589      -1064
20111230       -254      -1318
20120131        502       -816
20120229       1228        412
20120330        816       1228
20120430       -222       1006
20120531       -368        638
20120629          0        638
20120731       -655        -17
20120831        598        582
20120928         27        609
20121031       -433        175
20121130        144        319
20121231        759       1078
20130131       1095       2173
20130228        201       2374
20130328        -18       2356
20130430       -101       2255
20130531          0       2255
20130628         60       2315
20130731       -728       1587
20130830        316       1904
20130930       -630       1274
20131031         66       1340
20131129        477       1817
20131231         71       1888
20140131       -335       1552
20140228       -727        825
20140331          0        825
20140430        313       1138
20140530        613       1751
20140630        250       2001
20140731        267       2268
20140829        690       2958
20140930       -563       2395
20141031        403       2798
20141128       1093       3891
20141231      -1318       2573
20150130       -131       2442
20150227       1130       3572
20150331       -403       3169
20150430        -28       3141
20150529       -101       3040
20150630       -386       2654
20150731      -1329       1325
20150831        854       2179
20150930        246       2425
20151030       -412       2014
20151130       -816       1198
20151231        235       1433
20160129        792       2225
20160229         65       2290
20160331       -592       1698
20160428      -1217        481
------------------------------
------------------------------
Sys Name : BollingerBandSys
Mkt Symb : dbc.csv
Profit/Loss : -939.77
Num Trades : 40
Percent Wins : 1.2
Avg Win  : 87.29
Avg Loss : -163.43
Avg Trade: -23.49
MAX DrawDown: 3636.06
------------------------------
20060531        -62        -62
20060630        -22        -84
20060731       -109       -193
20060831          0       -193
20060929          4       -189
20061031       -175       -364
20061130         37       -327
20061229       -231       -558
20070131        -44       -602
20070228       -143       -745
20070330        -27       -772
20070430         19       -753
20070531       -159       -912
20070629        -39       -951
20070731         49       -902
20070831       -185      -1087
20070928          2      -1085
20071031        239       -846
20071130        -19       -865
20071231        125       -740
20080131       -185       -925
20080229        362       -563
20080331        -33       -596
20080430        216       -380
20080530        262       -118
20080630        423        305
20080731       -373        -68
20080829         56        -12
20080930        387        375
20081031        850       1225
20081128        314       1539
20081231        106       1645
20090130         94       1739
20090227        114       1853
20090331       -186       1667
20090430          0       1667
20090529        156       1823
20090630        -61       1762
20090731       -225       1537
20090831          0       1537
20090930          0       1537
20091030        -16       1521
20091130        107       1628
20091231       -205       1423
20100129       -155       1268
20100226        -94       1174
20100331       -131       1043
20100430        -11       1032
20100528       -120        912
20100630         39        951
20100730       -194        757
20100831       -228        529
20100930         56        585
20101029        107        692
20101130        -11        681
20101231        248        929
20110131         98       1027
20110228        119       1146
20110331         79       1225
20110429        139       1364
20110531       -717        647
20110630        -66        581
20110729       -204        377
20110831       -228        148
20110930        145        293
20111031       -197         96
20111130       -168        -72
20111230        -92       -163
20120131       -180       -343
20120229         77       -266
20120330       -184       -450
20120430          0       -450
20120531        253       -197
20120629        -51       -248
20120731       -167       -415
20120831         58       -357
20120928        -11       -368
20121031       -184       -552
20121130        -54       -606
20121231         32       -574
20130131        -74       -648
20130228       -155       -803
20130328        -18       -821
20130430        104       -717
20130531         41       -676
20130628       -122       -798
20130731       -193       -991
20130830         -5       -996
20130930       -165      -1161
20131031          0      -1161
20131129         -6      -1167
20131231       -120      -1287
20140131          7      -1280
20140228       -147      -1427
20140331         -1      -1428
20140430         29      -1399
20140530       -131      -1530
20140630        -17      -1547
20140731        -87      -1634
20140829         29      -1605
20140930        181      -1424
20141031         90      -1334
20141128        190      -1144
20141231        197       -947
20150130        105       -842
20150227        -77       -919
20150331        110       -809
20150430       -153       -962
20150529       -188      -1150
20150630          0      -1150
20150731        149      -1001
20150831          4       -997
20150930         54       -943
20151030       -150      -1093
20151130         41      -1053
20151231         83       -970
20160129         58       -912
20160229          3       -909
20160331       -146      -1055
20160428        115       -940
------------------------------
------------------------------
Sys Name : BollingerBandSys
Mkt Symb : fb.csv
Profit/Loss : -4171.15
Num Trades : 20
Percent Wins : 1.35
Avg Win  : 151.27
Avg Loss : -642.73
Avg Trade: -208.56
MAX DrawDown: 7630.85
------------------------------
20120531        693        693
20120629       -150        543
20120731        939       1482
20120831        365       1847
20120928       -360       1487
20121031       -649        838
20121130        273       1111
20121231       -138        973
20130131        436       1409
20130228       -461        948
20130328        -69        879
20130430       -319        560
20130531         69        628
20130628        -53        575
20130731        166        741
20130830        449       1190
20130930        894       2084
20131031         -2       2082
20131129       -501       1581
20131231        140       1722
20140131        792       2514
20140228        589       3103
20140331       -907       2196
20140430       -403       1792
20140530       -470       1322
20140630         98       1420
20140731        536       1956
20140829        217       2173
20140930        422       2595
20141031      -1761        834
20141128          0        834
20141231       -230        605
20150130       -287        318
20150227       -170        148
20150331       -198        -50
20150430       -445       -495
20150529          0       -495
20150630        131       -364
20150731        824        460
20150831      -2410      -1950
20150930          0      -1950
20151030        297      -1653
20151130        227      -1426
20151231         42      -1384
20160129      -1588      -2972
20160229       -914      -3886
20160331          0      -3886
20160428       -285      -4171
------------------------------
------------------------------
Sys Name : BollingerBandSys
Mkt Symb : gdx.csv
Profit/Loss : 981.88
Num Trades : 14
Percent Wins : 1.286
Avg Win  : 183.29
Avg Loss : -241.73
Avg Trade: 70.13
MAX DrawDown: 1886.3
------------------------------
20120531          0          0
20120629          0          0
20120731       -204       -204
20120831       -240       -444
20120928        486         42
20121031        -79        -37
20121130       -582       -619
20121231        116       -503
20130131        477        -26
20130228        422        396
20130328        -45        351
20130430        749       1100
20130531         86       1186
20130628        501       1687
20130731       -395       1292
20130830          0       1292
20130930          0       1292
20131031       -459        833
20131129        -43        790
20131231        115        905
20140131       -320        585
20140228        129        714
20140331       -339        375
20140430          0        375
20140530        -33        342
20140630       -125        217
20140731        -54        163
20140829       -129         34
20140930        323        357
20141031        415        772
20141128       -115        657
20141231         -2        655
20150130       -130        525
20150227       -101        424
20150331       -224        200
20150430          0        200
20150529          0        200
20150630         60        260
20150731        401        661
20150831        -36        625
20150930         37        662
20151030       -256        406
20151130       -134        272
20151231          0        272
20160129       -244         28
20160229        464        492
20160331         59        551
20160428        431        982
------------------------------
------------------------------
Sys Name : BollingerBandSys
Mkt Symb : goog.csv
Profit/Loss : -11840.28
Num Trades : 21
Percent Wins : 1.286
Avg Win  : 804.02
Avg Loss : -2236.58
Avg Trade: -563.82
MAX DrawDown: 27605.17
------------------------------
20120531        145        145
20120629         39        184
20120731       -525       -341
20120831       2607       2266
20120928       3470       5736
20121031      -3075       2661
20121130          0       2661
20121231          0       2661
20130131        506       3167
20130228       2275       5442
20130328       -351       5091
20130430       -656       4435
20130531       1658       6092
20130628        458       6550
20130731         -5       6545
20130830        242       6787
20130930      -2158       4629
20131031        923       5552
20131129       1451       7003
20131231       3056      10059
20140131       3013      13072
20140228       1734      14806
20140331      -2986      11820
20140430       2275      14095
20140530      -4029      10066
20140630        -25      10040
20140731       -368       9672
20140829       -924       8748
20140930      -2166       6582
20141031        248       6830
20141128       1725       8555
20141231       1543      10098
20150130       -899       9199
20150227        520       9719
20150331      -1040       8679
20150430      -1347       7332
20150529      -1002       6330
20150630       -533       5798
20150731       4621      10419
20150831      -4455       5964
20150930          0       5964
20151030      -1669       4295
20151130       3179       7474
20151231       1628       9102
20160129     -10562      -1460
20160229      -3162      -4623
20160331      -3005      -7628
20160428      -4213     -11840
------------------------------
------------------------------
Sys Name : BollingerBandSys
Mkt Symb : ivm.csv
Profit/Loss : -4118.45
Num Trades : 17
Percent Wins : 1.235
Avg Win  : 61.2
Avg Loss : -415.66
Avg Trade: -242.26
MAX DrawDown: 5216.45
------------------------------
20120531       -118       -118
20120629       -445       -563
20120731          0       -563
20120831       -108       -671
20120928        232       -439
20121031       -259       -698
20121130       -274       -972
20121231       -146      -1118
20130131        324       -794
20130228         90       -704
20130328        395       -309
20130430       -532       -841
20130531        234       -607
20130628       -409      -1016
20130731        124       -892
20130830       -390      -1282
20130930        -99      -1381
20131031       -263      -1644
20131129        429      -1215
20131231        188      -1027
20140131       -457      -1484
20140228       -726      -2210
20140331       -383      -2593
20140430       -301      -2894
20140530        -88      -2982
20140630       -232      -3214
20140731       -733      -3947
20140829          0      -3947
20140930        118      -3829
20141031       -582      -4411
20141128          0      -4411
20141231          0      -4411
20150130          0      -4411
20150227        187      -4225
20150331        179      -4046
20150430       -419      -4465
20150529          0      -4465
20150630       -410      -4875
20150731       -214      -5088
20150831        776      -4312
20150930        600      -3712
20151030       -765      -4477
20151130          0      -4477
20151231          0      -4477
20160129        765      -3712
20160229         23      -3689
20160331       -429      -4118
20160428          0      -4118
------------------------------
------------------------------
Sys Name : BollingerBandSys
Mkt Symb : msft.csv
Profit/Loss : -2634.36
Num Trades : 16
Percent Wins : 1.25
Avg Win  : 39.75
Avg Loss : -285.78
Avg Trade: -164.65
MAX DrawDown: 3049.52
------------------------------
20120531         -9         -9
20120629       -251       -260
20120731          0       -260
20120831          0       -260
20120928       -208       -468
20121031         49       -419
20121130        192       -227
20121231         -9       -236
20130131       -190       -426
20130228        -25       -451
20130328         81       -370
20130430        449         79
20130531        180        259
20130628        -36        223
20130731       -384       -161
20130830       -391       -552
20130930          0       -552
20131031        109       -443
20131129        272       -171
20131231        -72       -243
20140131       -228       -471
20140228          0       -471
20140331        233       -238
20140430        -59       -297
20140530         54       -243
20140630         76       -167
20140731        146        -21
20140829        227        206
20140930         93        299
20141031       -787       -488
20141128        -21       -509
20141231       -214       -723
20150130        255       -468
20150227       -345       -813
20150331        319       -494
20150430        -27       -521
20150529       -178       -699
20150630       -260       -959
20150731          0       -959
20150831         69       -891
20150930        -74       -965
20151030       -197      -1162
20151130        171       -991
20151231        113       -878
20160129       -978      -1855
20160229        -19      -1874
20160331       -315      -2189
20160428       -445      -2634
------------------------------
------------------------------
Sys Name : BollingerBandSys
Mkt Symb : qqq.csv
Profit/Loss : -4756.09
Num Trades : 20
Percent Wins : 1.2
Avg Win  : 57.33
Avg Loss : -383.25
Avg Trade: -237.8
MAX DrawDown: 5246.94
------------------------------
20120531       -114       -114
20120629       -310       -424
20120731          0       -424
20120831        277       -147
20120928         41       -106
20121031       -219       -326
20121130        -85       -411
20121231       -174       -585
20130131          0       -585
20130228          0       -585
20130328         28       -556
20130430       -199       -756
20130531        253       -503
20130628       -323       -826
20130731         15       -810
20130830        -30       -840
20130930        341       -499
20131031        391       -108
20131129        294        186
20131231        223        409
20140131       -403          6
20140228        140        146
20140331       -397       -251
20140430       -305       -556
20140530       -190       -746
20140630        217       -529
20140731        111       -418
20140829        476         58
20140930        -99        -41
20141031       -714       -754
20141128         56       -698
20141231       -703      -1401
20150130          0      -1401
20150227       -307      -1709
20150331       -280      -1989
20150430       -365      -2353
20150529       -252      -2606
20150630       -304      -2910
20150731       -375      -3284
20150831       -461      -3745
20150930        255      -3490
20151030       -729      -4219
20151130         69      -4150
20151231       -519      -4669
20160129        183      -4486
20160229        163      -4323
20160331       -433      -4756
20160428          0      -4756
------------------------------
------------------------------
Sys Name : BollingerBandSys
Mkt Symb : slv.csv
Profit/Loss : -682.36
Num Trades : 15
Percent Wins : 1.267
Avg Win  : 47.36
Avg Loss : -152.92
Avg Trade: -45.49
MAX DrawDown: 1648.3
------------------------------
20120531        -12        -12
20120629         31         19
20120731       -171       -152
20120831        248         96
20120928        269        365
20121031       -380        -15
20121130          0        -15
20121231         78         63
20130131       -275       -212
20130228         49       -163
20130328         11       -152
20130430        397        245
20130531        202        447
20130628        247        694
20130731        -17        677
20130830       -233        444
20130930       -170        274
20131031       -148        126
20131129         51        177
20131231         53        230
20140131         26        256
20140228       -173         83
20140331       -183       -100
20140430          0       -100
20140530          0       -100
20140630         85        -15
20140731        -67        -82
20140829       -153       -235
20140930        158        -77
20141031         85          8
20141128         68         76
20141231       -250       -174
20150130        -15       -189
20150227       -171       -360
20150331          0       -360
20150430          0       -360
20150529        -41       -400
20150630       -174       -574
20150731         95       -479
20150831          9       -470
20150930       -143       -613
20151030        -12       -625
20151130       -142       -767
20151231          0       -767
20160129          0       -767
20160229         24       -743
20160331         48       -695
20160429         13       -682
------------------------------
------------------------------
Sys Name : BollingerBandSys
Mkt Symb : spy.csv
Profit/Loss : -6666.42
Num Trades : 20
Percent Wins : 1.3
Avg Win  : 88.06
Avg Loss : -639.72
Avg Trade: -333.32
MAX DrawDown: 7894.62
------------------------------
20120531       -131       -131
20120629       -564       -695
20120731       -122       -817
20120831        345       -472
20120928        281       -191
20121031       -355       -546
20121130       -284       -830
20121231       -228      -1058
20130131        169       -889
20130228        191       -698
20130328        506       -192
20130430        301        109
20130531        377        486
20130628       -505        -19
20130731        -38        -57
20130830       -494       -551
20130930       -517      -1068
20131031        149       -919
20131129        516       -403
20131231        374        -29
20140131       -680       -709
20140228       -803      -1512
20140331         72      -1440
20140430       -485      -1925
20140530        292      -1633
20140630        304      -1329
20140731       -363      -1692
20140829        109      -1583
20140930       -537      -2120
20141031       -563      -2682
20141128          0      -2682
20141231       -660      -3342
20150130       -717      -4060
20150227       -697      -4756
20150331       -668      -5424
20150430          0      -5424
20150529       -224      -5648
20150630       -223      -5871
20150731       -583      -6454
20150831        230      -6224
20150930        604      -5620
20151030      -1089      -6709
20151130          0      -6709
20151231          0      -6709
20160129        581      -6127
20160229         16      -6111
20160331       -555      -6666
20160428          0      -6666
------------------------------
------------------------------
Sys Name : BollingerBandSys
Mkt Symb : twtr.csv
Profit/Loss : 1867.12
Num Trades : 10
Percent Wins : 1.7
Avg Win  : 143.89
Avg Loss : -226.34
Avg Trade: 186.71
MAX DrawDown: 2428.0
------------------------------
20131129       -436       -436
20131231       2208       1772
20140131         85       1857
20140228      -1547        310
20140331         80        390
20140430        770       1160
20140530        653       1813
20140630       -730       1083
20140731       -183        900
20140829        456       1356
20140930        183       1539
20141031       -324       1215
20141128        -27       1188
20141231        587       1775
20150130       -455       1320
20150227        604       1924
20150331        200       2124
20150430       -606       1517
20150529        229       1746
20150630         45       1791
20150731         26       1817
20150831        322       2139
20150930         85       2224
20151030       -675       1549
20151130       -237       1312
20151231         46       1358
20160129        634       1992
20160229       -132       1860
20160331        157       2017
20160428       -150       1867
------------------------------
------------------------------
Sys Name : BollingerBandSys
Mkt Symb : uso.csv
Profit/Loss : 929.44
Num Trades : 10
Percent Wins : 1.3
Avg Win  : 162.85
Avg Loss : -183.95
Avg Trade: 92.94
MAX DrawDown: 1154.21
------------------------------
20131129          1          1
20131231       -285       -284
20140131       -273       -557
20140228         67       -490
20140331       -259       -749
20140430       -246       -995
20140530        -14      -1009
20140630        120       -889
20140731       -219      -1108
20140829         55      -1053
20140930        135       -918
20141031        378       -540
20141128        505        -35
20141231        522        487
20150130        254        741
20150227        -28        713
20150331       -111        602
20150430         50        652
20150529        -20        632
20150630       -180        452
20150731        273        725
20150831        -30        695
20150930        121        816
20151030       -206        610
20151130         21        631
20151231        193        824
20160129        135        959
20160229         65       1024
20160331       -165        859
20160429         71        929
------------------------------
------------------------------
Sys Name : BollingerBandSys
Mkt Symb : vxx.csv
Profit/Loss : -2118.18
Num Trades : 9
Percent Wins : 1.333
Avg Win  : 67.51
Avg Loss : -504.72
Avg Trade: -235.35
MAX DrawDown: 3086.46
------------------------------
20131129          0          0
20131231          0          0
20140131          0          0
20140228       -754       -754
20140331          0       -754
20140430          0       -754
20140530        600       -154
20140630        492        338
20140731       -394        -56
20140829          0        -56
20140930          0        -56
20141031       -334       -390
20141128          0       -390
20141231          0       -390
20150130         79       -311
20150227       -690      -1001
20150331          0      -1001
20150430        -12      -1012
20150529        282       -730
20150630       -229       -959
20150731         84       -875
20150831       -600      -1475
20150930       -122      -1597
20151030       -663      -2260
20151130          0      -2260
20151231          0      -2260
20160129        212      -2048
20160229         76      -1972
20160331       -280      -2252
20160428        134      -2118
------------------------------
------------------------------
Sys Name : BollingerBandSys
Mkt Symb : xom.csv
Profit/Loss : -2499.26
Num Trades : 13
Percent Wins : 1.308
Avg Win  : 81.85
Avg Loss : -443.42
Avg Trade: -192.25
MAX DrawDown: 4258.26
------------------------------
20131129        168        168
20131231        772        940
20140131       -735        205
20140228       -662       -457
20140331          0       -457
20140430        270       -187
20140530       -188       -375
20140630        -85       -460
20140731       -479       -939
20140829        -52       -991
20140930        541       -450
20141031       -366       -816
20141128         29       -788
20141231       -947      -1734
20150130         59      -1675
20150227       -594      -2269
20150331        155      -2115
20150430       -408      -2523
20150529          0      -2523
20150630        -15      -2538
20150731        399      -2139
20150831        397      -1742
20150930         89      -1653
20151030       -370      -2022
20151130       -108      -2130
20151231       -425      -2555
20160129       -319      -2874
20160229       -413      -3287
20160331        344      -2943
20160428        444      -2499
------------------------------
