------------------------------
Sys Name : DualMoving
Mkt Symb : aapl.csv
Profit/Loss : 101.0
Num Trades : 66
Percent Wins : 1.288
Avg Win  : 194.79
Avg Loss : -352.26
Avg Trade: 1.53
MAX DrawDown: 5199.0
------------------------------
20080530         40         40
20080630         -4         36
20080731        121        157
20080829       -531       -374
20080930        366         -8
20081031         87         79
20081128        213        292
20081231       -331        -39
20090130        -69       -108
20090227       -292       -400
20090331       -222       -622
20090430        296       -326
20090529        142       -184
20090630         95        -89
20090731        299        210
20090831         69        279
20090930        245        524
20091030         45        569
20091130        163        732
20091231       -668         64
20100129       -266       -202
20100226       -203       -405
20100331        200       -205
20100430        373        168
20100528       -494       -326
20100630       -875      -1201
20100730        -94      -1295
20100831       -130      -1425
20100930        -99      -1524
20101029        246      -1278
20101130        145      -1133
20101231        163       -970
20110131        239       -731
20110228        199       -532
20110331       -563      -1095
20110429        -27      -1122
20110531       -361      -1483
20110630        174      -1309
20110729        223      -1086
20110831       -428      -1514
20110930        -41      -1555
20111031      -1356      -2911
20111130       -353      -3264
20111230       -724      -3988
20120131        735      -3253
20120229       1228      -2025
20120330        816      -1209
20120430        420       -789
20120531         90       -699
20120629        166       -533
20120731        382       -151
20120831        778        627
20120928         27        654
20121031        511       1165
20121130        144       1309
20121231        759       2068
20130131       1095       3163
20130228        201       3364
20130328       -646       2718
20130430       -407       2311
20130531       -514       1797
20130628         98       1895
20130731       -150       1745
20130830        495       2240
20130930       -595       1645
20131031         98       1743
20131129        477       2220
20131231         71       2291
20140131        -40       2251
20140228       -793       1458
20140331       -230       1228
20140430       -934        294
20140530        613        907
20140630        250       1157
20140731        267       1424
20140829        690       2114
20140930       -175       1939
20141031       -595       1344
20141128       1093       2437
20141231      -1149       1288
20150130      -1126        162
20150227       1130       1292
20150331       -115       1177
20150430       -524        653
20150529       -551        102
20150630       -237       -135
20150731       -233       -368
20150831        854        486
20150930       -836       -350
20151030       -464       -814
20151130       -120       -934
20151231        778       -156
20160129        792        636
20160229         65        701
20160331        318       1019
20160428       -918        101
------------------------------
------------------------------
Sys Name : DualMoving
Mkt Symb : dbc.csv
Profit/Loss : -6237.0
Num Trades : 73
Percent Wins : 1.164
Avg Win  : 42.28
Avg Loss : -162.8
Avg Trade: -85.44
MAX DrawDown: 8683.0
------------------------------
20080530        -60        -60
20080630        423        363
20080731       -480       -117
20080829        264        147
20080930        387        534
20081031        850       1384
20081128        314       1698
20081231        106       1804
20090130       -404       1400
20090227        114       1514
20090331       -317       1197
20090430       -178       1019
20090529        -33        986
20090630        -61        925
20090731       -360        565
20090831        -93        472
20090930       -153        319
20091030       -167        152
20091130        107        259
20091231       -392       -133
20100129       -105       -238
20100226        -94       -332
20100331       -385       -717
20100430       -172       -889
20100528       -184      -1073
20100630       -315      -1388
20100730        -48      -1436
20100831       -249      -1685
20100930        -87      -1772
20101029        107      -1665
20101130       -189      -1854
20101231       -110      -1964
20110131         98      -1866
20110228        119      -1747
20110331         79      -1668
20110429        139      -1529
20110531       -331      -1860
20110630       -313      -2173
20110729       -258      -2431
20110831       -594      -3025
20110930        105      -2920
20111031       -297      -3217
20111130       -308      -3525
20111230         80      -3445
20120131       -151      -3596
20120229        149      -3447
20120330       -152      -3599
20120430         39      -3560
20120531        317      -3243
20120629        -51      -3294
20120731         18      -3276
20120831        154      -3122
20120928       -145      -3267
20121031        112      -3155
20121130       -150      -3305
20121231       -212      -3517
20130131        -87      -3604
20130228       -176      -3780
20130328        -18      -3798
20130430        104      -3694
20130531         41      -3653
20130628       -475      -4128
20130731       -214      -4342
20130830       -307      -4649
20130930       -102      -4751
20131031       -279      -5030
20131129         22      -5008
20131231       -127      -5135
20140131       -174      -5309
20140228       -109      -5418
20140331       -303      -5721
20140430       -123      -5844
20140530       -564      -6408
20140630       -161      -6569
20140731        -94      -6663
20140829         29      -6634
20140930        181      -6453
20141031         90      -6363
20141128        190      -6173
20141231        197      -5976
20150130        105      -5871
20150227       -163      -6034
20150331       -148      -6182
20150430       -160      -6342
20150529       -158      -6500
20150630        -29      -6529
20150731        227      -6302
20150831          4      -6298
20150930         54      -6244
20151030       -335      -6579
20151130        101      -6478
20151231         83      -6395
20160129         58      -6337
20160229        -69      -6406
20160331         54      -6352
20160428        115      -6237
------------------------------
------------------------------
Sys Name : DualMoving
Mkt Symb : fb.csv
Profit/Loss : -5766.0
Num Trades : 36
Percent Wins : 1.25
Avg Win  : 137.76
Avg Loss : -446.85
Avg Trade: -160.17
MAX DrawDown: 7580.0
------------------------------
20120531        443        443
20120629       -150        293
20120731        841       1134
20120831        365       1499
20120928       -786        713
20121031       -481        232
20121130       -495       -263
20121231       -138       -401
20130131        436         35
20130228       -449       -414
20130328        167       -247
20130430       -529       -776
20130531       -500      -1276
20130628        -53      -1329
20130731        972       -357
20130830        449         92
20130930        894        986
20131031         -2        984
20131129       -310        674
20131231       -598         76
20140131        792        868
20140228        589       1457
20140331       -892        565
20140430         46        611
20140530       -488        123
20140630        399        522
20140731        536       1058
20140829        217       1275
20140930        422       1697
20141031      -2063       -366
20141128       -317       -683
20141231        200       -483
20150130       -683      -1166
20150227       -380      -1546
20150331        325      -1221
20150430       -345      -1566
20150529        -98      -1664
20150630        -32      -1696
20150731        824       -872
20150831      -2026      -2898
20150930      -1047      -3945
20151030       1207      -2738
20151130        227      -2511
20151231        -80      -2591
20160129       -755      -3346
20160229      -2047      -5393
20160331        718      -4675
20160428      -1091      -5766
------------------------------
------------------------------
Sys Name : DualMoving
Mkt Symb : gdx.csv
Profit/Loss : -61.0
Num Trades : 30
Percent Wins : 1.233
Avg Win  : 112.46
Avg Loss : -187.91
Avg Trade: -2.03
MAX DrawDown: 2870.0
------------------------------
20120531        -77        -77
20120629       -711       -788
20120731        -10       -798
20120831        129       -669
20120928        575        -94
20121031       -747       -841
20121130        535       -306
20121231        116       -190
20130131        477        287
20130228        422        709
20130328        -45        664
20130430        749       1413
20130531         86       1499
20130628       -121       1378
20130731       -394        984
20130830        114       1098
20130930       -357        741
20131031       -244        497
20131129         18        515
20131231        115        630
20140131       -169        461
20140228        240        701
20140331       -351        350
20140430        -50        300
20140530        161        461
20140630       -157        304
20140731        -54        250
20140829       -122        128
20140930        533        661
20141031        415       1076
20141128       -563        513
20141231       -504          9
20150130          9         18
20150227       -349       -331
20150331        304        -27
20150430       -213       -240
20150529       -153       -393
20150630        182       -211
20150731        401        190
20150831        -36        154
20150930         37        191
20151030       -366       -175
20151130       -280       -455
20151231        -96       -551
20160129       -399       -950
20160229        399       -551
20160331         59       -492
20160428        431        -61
------------------------------
------------------------------
Sys Name : DualMoving
Mkt Symb : goog.csv
Profit/Loss : 10713.0
Num Trades : 38
Percent Wins : 1.342
Avg Win  : 1005.75
Avg Loss : -1627.2
Avg Trade: 281.92
MAX DrawDown: 16264.0
------------------------------
20120531       1663       1663
20120629         39       1702
20120731       3504       5206
20120831       2607       7813
20120928       3470      11283
20121031      -3804       7479
20121130       -904       6575
20121231       1766       8341
20130131       2416      10757
20130228       2275      13032
20130328       -351      12681
20130430      -1530      11151
20130531       2646      13797
20130628        458      14255
20130731      -1553      12702
20130830       2135      14837
20130930      -2865      11972
20131031      -8239       3733
20131129       1451       5184
20131231       3056       8240
20140131       3013      11253
20140228       1734      12987
20140331       -708      12279
20140430       3031      15310
20140530      -4635      10675
20140630       1539      12214
20140731       -368      11846
20140829      -3568       8278
20140930       -778       7500
20141031        272       7772
20141128       1725       9497
20141231       1543      11040
20150130       3992      15032
20150227       2388      17420
20150331      -1040      16380
20150430      -1280      15100
20150529      -2989      12111
20150630      -1276      10835
20150731       2380      13215
20150831       -736      12479
20150930      -5503       6976
20151030       2693       9669
20151130       3179      12848
20151231       1628      14476
20160129      -7077       7399
20160229       5683      13082
20160331       3124      16206
20160428      -5493      10713
------------------------------
------------------------------
Sys Name : DualMoving
Mkt Symb : ivm.csv
Profit/Loss : -1359.0
Num Trades : 32
Percent Wins : 1.312
Avg Win  : 122.98
Avg Loss : -301.09
Avg Trade: -42.47
MAX DrawDown: 5403.0
------------------------------
20120531         34         34
20120629        227        261
20120731       -121        140
20120831       -475       -335
20120928        232       -103
20121031       -187       -290
20121130        -45       -335
20121231        122       -213
20130131        526        313
20130228         90        403
20130328        395        798
20130430       -149        649
20130531        138        787
20130628       -456        331
20130731       -234         97
20130830         78        175
20130930       -363       -188
20131031        258         70
20131129        429        499
20131231        188        687
20140131       -320        367
20140228      -1236       -869
20140331       -118       -987
20140430        508       -479
20140530        -88       -567
20140630        617         50
20140731       -604       -554
20140829       -475      -1029
20140930       -427      -1456
20141031       -483      -1939
20141128         13      -1926
20141231       -501      -2427
20150130       -992      -3419
20150227        376      -3043
20150331        179      -2864
20150430       -319      -3183
20150529       -397      -3580
20150630         97      -3483
20150731       -484      -3967
20150831        776      -3191
20150930        600      -2591
20151030       -220      -2811
20151130        376      -2435
20151231       -890      -3325
20160129        966      -2359
20160229        -77      -2436
20160331        790      -1646
20160428        287      -1359
------------------------------
------------------------------
Sys Name : DualMoving
Mkt Symb : msft.csv
Profit/Loss : -2863.0
Num Trades : 27
Percent Wins : 1.296
Avg Win  : 65.71
Avg Loss : -277.0
Avg Trade: -106.04
MAX DrawDown: 3153.0
------------------------------
20120531         56         56
20120629       -262       -206
20120731        -16       -222
20120831       -149       -371
20120928       -106       -477
20121031        -32       -509
20121130        192       -317
20121231         -9       -326
20130131       -206       -532
20130228         35       -497
20130328         81       -416
20130430        449         33
20130531        180        213
20130628       -310        -97
20130731       -800       -897
20130830       -256      -1153
20130930       -568      -1721
20131031        213      -1508
20131129        272      -1236
20131231       -404      -1640
20140131        -43      -1683
20140228        203      -1480
20140331        268      -1212
20140430        -59      -1271
20140530       -286      -1557
20140630         76      -1481
20140731        146      -1335
20140829        227      -1108
20140930         93      -1015
20141031       -725      -1740
20141128         86      -1654
20141231       -192      -1846
20150130        605      -1241
20150227       -345      -1586
20150331        319      -1267
20150430        232      -1035
20150529       -178      -1213
20150630        121      -1092
20150731       -471      -1563
20150831       -786      -2349
20150930        -74      -2423
20151030        264      -2159
20151130        171      -1988
20151231        113      -1875
20160129       -697      -2572
20160229        421      -2151
20160331        -79      -2230
20160428       -633      -2863
------------------------------
------------------------------
Sys Name : DualMoving
Mkt Symb : qqq.csv
Profit/Loss : -3440.0
Num Trades : 30
Percent Wins : 1.333
Avg Win  : 105.15
Avg Loss : -387.3
Avg Trade: -114.67
MAX DrawDown: 6568.0
------------------------------
20120531         45         45
20120629         18         63
20120731         64        127
20120831        336        463
20120928         41        504
20121031        218        722
20121130        -85        637
20121231       -133        504
20130131        174        678
20130228        -77        601
20130328       -195        406
20130430        175        581
20130531        253        834
20130628       -348        486
20130731       -456         30
20130830        -30          0
20130930        341        341
20131031        391        732
20131129        294       1026
20131231        223       1249
20140131       -169       1080
20140228       -860        220
20140331       -491       -271
20140430         28       -243
20140530        112       -131
20140630        260        129
20140731        111        240
20140829        -26        214
20140930        -99        115
20141031       -501       -386
20141128        461         75
20141231       -616       -541
20150130       -521      -1062
20150227        -30      -1092
20150331       -280      -1372
20150430       -507      -1879
20150529        242      -1637
20150630       -996      -2633
20150731       -924      -3557
20150831      -1246      -4803
20150930        255      -4548
20151030         51      -4497
20151130         69      -4428
20151231       -226      -4654
20160129        773      -3881
20160229         63      -3818
20160331        670      -3148
20160428       -292      -3440
------------------------------
------------------------------
Sys Name : DualMoving
Mkt Symb : slv.csv
Profit/Loss : -3646.0
Num Trades : 34
Percent Wins : 1.176
Avg Win  : 31.4
Avg Loss : -178.64
Avg Trade: -107.24
MAX DrawDown: 4415.0
------------------------------
20120531         38         38
20120629         31         69
20120731        -47         22
20120831        269        291
20120928        269        560
20121031       -357        203
20121130       -341       -138
20121231       -251       -389
20130131       -161       -550
20130228       -208       -758
20130328         11       -747
20130430        397       -350
20130531        202       -148
20130628        247         99
20130731        -17         82
20130830        -50         32
20130930       -294       -262
20131031       -236       -498
20131129          4       -494
20131231         53       -441
20140131       -412       -853
20140228       -168      -1021
20140331       -195      -1216
20140430         58      -1158
20140530         38      -1120
20140630        -55      -1175
20140731        -67      -1242
20140829        -49      -1291
20140930        236      -1055
20141031         85       -970
20141128         68       -902
20141231       -482      -1384
20150130       -198      -1582
20150227       -191      -1773
20150331       -164      -1937
20150430       -178      -2115
20150529       -288      -2403
20150630       -138      -2541
20150731         95      -2446
20150831       -323      -2769
20150930       -200      -2969
20151030       -305      -3274
20151130       -108      -3382
20151231         25      -3357
20160129       -186      -3543
20160229         61      -3482
20160331         48      -3434
20160429       -212      -3646
------------------------------
------------------------------
Sys Name : DualMoving
Mkt Symb : spy.csv
Profit/Loss : -5866.0
Num Trades : 36
Percent Wins : 1.278
Avg Win  : 124.59
Avg Loss : -449.88
Avg Trade: -162.94
MAX DrawDown: 11510.0
------------------------------
20120531         50         50
20120629        -34         16
20120731        160        176
20120831        345        521
20120928        281        802
20121031         50        852
20121130        -81        771
20121231         57        828
20130131        729       1557
20130228        191       1748
20130328        506       2254
20130430        301       2555
20130531        377       2932
20130628       -607       2325
20130731       -689       1636
20130830       -124       1512
20130930       -996        516
20131031        778       1294
20131129        516       1810
20131231        374       2184
20140131       -917       1267
20140228       -257       1010
20140331         72       1082
20140430      -1144        -62
20140530        437        375
20140630        304        679
20140731       -263        416
20140829       -936       -520
20140930       -369       -889
20141031      -1198      -2087
20141128        554      -1533
20141231      -1752      -3285
20150130       -137      -3422
20150227       -451      -3873
20150331       -669      -4542
20150430       -685      -5227
20150529        268      -4959
20150630       -617      -5576
20150731       -815      -6391
20150831       -651      -7042
20150930        604      -6438
20151030       -448      -6886
20151130         76      -6810
20151231       -980      -7790
20160129       1015      -6775
20160229       -480      -7255
20160331       1196      -6059
20160428        193      -5866
------------------------------
------------------------------
Sys Name : DualMoving
Mkt Symb : twtr.csv
Profit/Loss : 1467.0
Num Trades : 16
Percent Wins : 1.375
Avg Win  : 206.32
Avg Loss : -317.2
Avg Trade: 91.69
MAX DrawDown: 2526.0
------------------------------
20131129         -8         -8
20131231       2208       2200
20140131         85       2285
20140228      -1171       1114
20140331        824       1938
20140430        770       2708
20140530        653       3361
20140630       -363       2998
20140731      -1406       1592
20140829        456       2048
20140930        183       2231
20141031        349       2580
20141128        -27       2553
20141231        587       3140
20150130       -730       2410
20150227       1055       3465
20150331        200       3665
20150430      -1306       2359
20150529        229       2588
20150630         45       2633
20150731       -757       1876
20150831        322       2198
20150930         85       2283
20151030       -624       1659
20151130        -76       1583
20151231        226       1809
20160129        634       2443
20160229       -196       2247
20160331       -197       2050
20160428       -583       1467
------------------------------
------------------------------
Sys Name : DualMoving
Mkt Symb : uso.csv
Profit/Loss : 457.0
Num Trades : 20
Percent Wins : 1.25
Avg Win  : 110.32
Avg Loss : -160.07
Avg Trade: 22.85
MAX DrawDown: 1475.0
------------------------------
20131129         46         46
20131231       -217       -171
20140131       -596       -767
20140228        194       -573
20140331       -291       -864
20140430        -95       -959
20140530       -190      -1149
20140630        120      -1029
20140731       -187      -1216
20140829         55      -1161
20140930        135      -1026
20141031        378       -648
20141128        505       -143
20141231        522        379
20150130        254        633
20150227       -344        289
20150331       -106        183
20150430        -47        136
20150529        -20        116
20150630       -637       -521
20150731        429        -92
20150831        -30       -122
20150930         55        -67
20151030       -147       -214
20151130        188        -26
20151231        193        167
20160129        135        302
20160229         65        367
20160331        -80        287
20160429        170        457
------------------------------
------------------------------
Sys Name : DualMoving
Mkt Symb : vxx.csv
Profit/Loss : -2750.0
Num Trades : 17
Percent Wins : 1.294
Avg Win  : 125.68
Avg Loss : -467.92
Avg Trade: -161.76
MAX DrawDown: 4956.0
------------------------------
20131129        320        320
20131231        287        607
20140131       -796       -189
20140228       -930      -1119
20140331        172       -947
20140430        190       -757
20140530        673        -84
20140630        492        408
20140731       -294        114
20140829       -897       -783
20140930       -407      -1190
20141031        -86      -1276
20141128        252      -1024
20141231      -1135      -2159
20150130        536      -1623
20150227       -525      -2148
20150331        199      -1949
20150430        379      -1570
20150529        282      -1288
20150630       -108      -1396
20150731       -392      -1788
20150831       -691      -2479
20150930       -122      -2601
20151030       -292      -2893
20151130       -221      -3114
20151231       -874      -3988
20160129        402      -3586
20160229        -24      -3610
20160331        726      -2884
20160428        134      -2750
------------------------------
------------------------------
Sys Name : DualMoving
Mkt Symb : xom.csv
Profit/Loss : -416.0
Num Trades : 17
Percent Wins : 1.412
Avg Win  : 94.54
Avg Loss : -278.5
Avg Trade: -24.47
MAX DrawDown: 2709.0
------------------------------
20131129         75         75
20131231        772        847
20140131       -452        395
20140228       -511       -116
20140331        141         25
20140430        473        498
20140530       -188        310
20140630       -659       -349
20140731       -174       -523
20140829         86       -437
20140930        541        104
20141031       -366       -262
20141128       -612       -874
20141231        360       -514
20150130       -205       -719
20150227       -902      -1621
20150331        354      -1267
20150430       -249      -1516
20150529       -287      -1803
20150630        200      -1603
20150731        399      -1204
20150831        397       -807
20150930         89       -718
20151030         31       -687
20151130       -582      -1269
20151231        371       -898
20160129         10       -888
20160229       -316      -1204
20160331        344       -860
20160428        444       -416
------------------------------
