------------------------------
Sys Name : DualMoving
Mkt Symb : aapl.csv
20080520      DMA Buy  1  26.56000       0.00       0.00
20080617   RevLongLiq  1  25.92000    -164.00    -164.00
20080617    DMA Short  1  25.92000       0.00       0.00
20080814   RevShrtLiq  1  25.62000     -70.00    -234.00
20080814      DMA Buy  1  25.62000       0.00       0.00
20080908   RevLongLiq  1  22.56000    -406.00    -640.00
20080908    DMA Short  1  22.56000       0.00       0.00
20081212   RevShrtLiq  1  14.04000     752.00     112.00
20081212      DMA Buy  1  14.04000       0.00       0.00
20081219   RevLongLiq  1  12.86000    -218.00    -106.00
20081219    DMA Short  1  12.86000       0.00       0.00
20090203   RevShrtLiq  1  13.28000    -142.00    -248.00
20090203      DMA Buy  1  13.28000       0.00       0.00
20090227   RevLongLiq  1  12.76000    -152.00    -400.00
20090227    DMA Short  1  12.76000       0.00       0.00
20090318   RevShrtLiq  1  14.50000    -274.00    -674.00
20090318      DMA Buy  1  14.50000       0.00       0.00
20091208   RevLongLiq  1  27.12000    1162.00     488.00
20091208    DMA Short  1  27.12000       0.00       0.00
20091228   RevShrtLiq  1  30.23000    -411.00      77.00
20091228      DMA Buy  1  30.23000       0.00       0.00
20100201   RevLongLiq  1  27.82000    -341.00    -264.00
20100201    DMA Short  1  27.82000       0.00       0.00
20100303   RevShrtLiq  1  29.90000    -308.00    -572.00
20100303      DMA Buy  1  29.90000       0.00       0.00
20100525   RevLongLiq  1  35.03000     413.00    -159.00
20100525    DMA Short  1  35.03000       0.00       0.00
20100604   RevShrtLiq  1  36.57000    -254.00    -413.00
20100604      DMA Buy  1  36.57000       0.00       0.00
20100611   RevLongLiq  1  36.22000    -135.00    -548.00
20100611    DMA Short  1  36.22000       0.00       0.00
20100617   RevShrtLiq  1  38.84000    -362.00    -910.00
20100617      DMA Buy  1  38.84000       0.00       0.00
20100708   RevLongLiq  1  36.87000    -297.00   -1207.00
20100708    DMA Short  1  36.87000       0.00       0.00
20100730   RevShrtLiq  1  36.75000     -88.00   -1295.00
20100730      DMA Buy  1  36.75000       0.00       0.00
20100813   RevLongLiq  1  35.59000    -216.00   -1511.00
20100813    DMA Short  1  35.59000       0.00       0.00
20100910   RevShrtLiq  1  37.63000    -304.00   -1815.00
20100910      DMA Buy  1  37.63000       0.00       0.00
20110317   RevLongLiq  1  47.81000     918.00    -897.00
20110317    DMA Short  1  47.81000       0.00       0.00
20110428   RevShrtLiq  1  49.54000    -273.00   -1170.00
20110428      DMA Buy  1  49.54000       0.00       0.00
20110518   RevLongLiq  1  48.55000    -199.00   -1369.00
20110518    DMA Short  1  48.55000       0.00       0.00
20110706   RevShrtLiq  1  50.25000    -270.00   -1639.00
20110706      DMA Buy  1  50.25000       0.00       0.00
20110824   RevLongLiq  1  53.74000     249.00   -1390.00
20110824    DMA Short  1  53.74000       0.00       0.00
20110901   RevShrtLiq  1  54.43000    -169.00   -1559.00
20110901      DMA Buy  1  54.43000       0.00       0.00
20111007   RevLongLiq  1  52.83000    -260.00   -1819.00
20111007    DMA Short  1  52.83000       0.00       0.00
20111014   RevShrtLiq  1  60.29000    -846.00   -2665.00
20111014      DMA Buy  1  60.29000       0.00       0.00
20111111   RevLongLiq  1  54.95000    -634.00   -3299.00
20111111    DMA Short  1  54.95000       0.00       0.00
20111213   RevShrtLiq  1  55.54000    -159.00   -3458.00
20111213      DMA Buy  1  55.54000       0.00       0.00
20111215   RevLongLiq  1  54.13000    -241.00   -3699.00
20111215    DMA Short  1  54.13000       0.00       0.00
20111222   RevShrtLiq  1  56.94000    -381.00   -4080.00
20111222      DMA Buy  1  56.94000       0.00       0.00
20120425   RevLongLiq  1  87.14000    2920.00   -1160.00
20120425    DMA Short  1  87.14000       0.00       0.00
20120614   RevShrtLiq  1  81.65000     449.00    -711.00
20120614      DMA Buy  1  81.65000       0.00       0.00
20121005   RevLongLiq  1  93.23000    1058.00     347.00
20121005    DMA Short  1  93.23000       0.00       0.00
20130326   RevShrtLiq  1  65.88000    2635.00    2982.00
20130326      DMA Buy  1  65.88000       0.00       0.00
20130403   RevLongLiq  1  61.71000    -517.00    2465.00
20130403    DMA Short  1  61.71000       0.00       0.00
20130506   RevShrtLiq  1  65.82000    -511.00    1954.00
20130506      DMA Buy  1  65.82000       0.00       0.00
20130614   RevLongLiq  1  61.44000    -538.00    1416.00
20130614    DMA Short  1  61.44000       0.00       0.00
20130722   RevShrtLiq  1  60.90000     -46.00    1370.00
20130722      DMA Buy  1  60.90000       0.00       0.00
20130918   RevLongLiq  1  66.38000     448.00    1818.00
20130918    DMA Short  1  66.38000       0.00       0.00
20131011   RevShrtLiq  1  70.40000    -502.00    1316.00
20131011      DMA Buy  1  70.40000       0.00       0.00
20140110   RevLongLiq  1  76.13000     473.00    1789.00
20140110    DMA Short  1  76.13000       0.00       0.00
20140221   RevShrtLiq  1  75.04000       9.00    1798.00
20140221      DMA Buy  1  75.04000       0.00       0.00
20140226   RevLongLiq  1  73.91000    -213.00    1585.00
20140226    DMA Short  1  73.91000       0.00       0.00
20140311   RevShrtLiq  1  76.58000    -367.00    1218.00
20140311      DMA Buy  1  76.58000       0.00       0.00
20140411   RevLongLiq  1  74.23000    -335.00     883.00
20140411    DMA Short  1  74.23000       0.00       0.00
20140425   RevShrtLiq  1  81.71000    -848.00      35.00
20140425      DMA Buy  1  81.71000       0.00       0.00
20141006   RevLongLiq  1  99.62000    1691.00    1726.00
20141006    DMA Short  1  99.62000       0.00       0.00
20141024   RevShrtLiq  1 105.22000    -660.00    1066.00
20141024      DMA Buy  1 105.22000       0.00       0.00
20141217   RevLongLiq  1 109.41000     319.00    1385.00
20141217    DMA Short  1 109.41000       0.00       0.00
20150129   RevShrtLiq  1 118.90000   -1049.00     336.00
20150129      DMA Buy  1 118.90000       0.00       0.00
20150330   RevLongLiq  1 126.37000     647.00     983.00
20150330    DMA Short  1 126.37000       0.00       0.00
20150421   RevShrtLiq  1 126.91000    -154.00     829.00
20150421      DMA Buy  1 126.91000       0.00       0.00
20150512   RevLongLiq  1 125.87000    -204.00     625.00
20150512    DMA Short  1 125.87000       0.00       0.00
20150518   RevShrtLiq  1 130.19000    -532.00      93.00
20150518      DMA Buy  1 130.19000       0.00       0.00
20150612   RevLongLiq  1 127.17000    -402.00    -309.00
20150612    DMA Short  1 127.17000       0.00       0.00
20150722   RevShrtLiq  1 125.22000      95.00    -214.00
20150722      DMA Buy  1 125.22000       0.00       0.00
20150729   RevLongLiq  1 122.99000    -323.00    -537.00
20150729    DMA Short  1 122.99000       0.00       0.00
20150921   RevShrtLiq  1 115.21000     678.00     141.00
20150921      DMA Buy  1 115.21000       0.00       0.00
20151001   RevLongLiq  1 109.58000    -663.00    -522.00
20151001    DMA Short  1 109.58000       0.00       0.00
20151022   RevShrtLiq  1 115.50000    -692.00   -1214.00
20151022      DMA Buy  1 115.50000       0.00       0.00
20151210   RevLongLiq  1 116.17000     -33.00   -1247.00
20151210    DMA Short  1 116.17000       0.00       0.00
20160302   RevShrtLiq  1 100.75000    1442.00     195.00
20160302      DMA Buy  1 100.75000       0.00       0.00
20160427   RevLongLiq  1  97.82000    -393.00    -198.00
20160427    DMA Short  1  97.82000       0.00       0.00
20160428        S-EOD  1  94.83000     199.00       1.00
------------------------------
Sys Name : DualMoving
Mkt Symb : dbc.csv
20080520      DMA Buy  1  41.15000       0.00       0.00
20080723   RevLongLiq  1  40.69000    -146.00    -146.00
20080723    DMA Short  1  40.69000       0.00       0.00
20090109   RevShrtLiq  1  21.41000    1828.00    1682.00
20090109      DMA Buy  1  21.41000       0.00       0.00
20090120   RevLongLiq  1  19.92000    -249.00    1433.00
20090120    DMA Short  1  19.92000       0.00       0.00
20090319   RevShrtLiq  1  20.64000    -172.00    1261.00
20090319      DMA Buy  1  20.64000       0.00       0.00
20090427   RevLongLiq  1  19.60000    -204.00    1057.00
20090427    DMA Short  1  19.60000       0.00       0.00
20090507   RevShrtLiq  1  21.27000    -267.00     790.00
20090507      DMA Buy  1  21.27000       0.00       0.00
20090702   RevLongLiq  1  22.03000     -24.00     766.00
20090702    DMA Short  1  22.03000       0.00       0.00
20090731   RevShrtLiq  1  23.04000    -201.00     565.00
20090731      DMA Buy  1  23.04000       0.00       0.00
20090902   RevLongLiq  1  21.82000    -222.00     343.00
20090902    DMA Short  1  21.82000       0.00       0.00
20091012   RevShrtLiq  1  23.16000    -234.00     109.00
20091012      DMA Buy  1  23.16000       0.00       0.00
20091211   RevLongLiq  1  23.68000     -48.00      61.00
20091211    DMA Short  1  23.68000       0.00       0.00
20091231   RevShrtLiq  1  24.62000    -194.00    -133.00
20091231      DMA Buy  1  24.62000       0.00       0.00
20100125   RevLongLiq  1  23.63000    -199.00    -332.00
20100125    DMA Short  1  23.63000       0.00       0.00
20100308   RevShrtLiq  1  23.91000    -128.00    -460.00
20100308      DMA Buy  1  23.91000       0.00       0.00
20100325   RevLongLiq  1  22.93000    -198.00    -658.00
20100325    DMA Short  1  22.93000       0.00       0.00
20100406   RevShrtLiq  1  24.34000    -241.00    -899.00
20100406      DMA Buy  1  24.34000       0.00       0.00
20100507   RevLongLiq  1  22.78000    -256.00   -1155.00
20100507    DMA Short  1  22.78000       0.00       0.00
20100625   RevShrtLiq  1  22.34000     -56.00   -1211.00
20100625      DMA Buy  1  22.34000       0.00       0.00
20100630   RevLongLiq  1  21.57000    -177.00   -1388.00
20100630    DMA Short  1  21.57000       0.00       0.00
20100716   RevShrtLiq  1  21.97000    -140.00   -1528.00
20100716      DMA Buy  1  21.97000       0.00       0.00
20100824   RevLongLiq  1  21.80000    -117.00   -1645.00
20100824    DMA Short  1  21.80000       0.00       0.00
20100908   RevShrtLiq  1  23.09000    -229.00   -1874.00
20100908      DMA Buy  1  23.09000       0.00       0.00
20101123   RevLongLiq  1  24.68000      59.00   -1815.00
20101123    DMA Short  1  24.68000       0.00       0.00
20101203   RevShrtLiq  1  26.36000    -268.00   -2083.00
20101203      DMA Buy  1  26.36000       0.00       0.00
20110510   RevLongLiq  1  29.92000     256.00   -1827.00
20110510    DMA Short  1  29.92000       0.00       0.00
20110610   RevShrtLiq  1  30.28000    -136.00   -1963.00
20110610      DMA Buy  1  30.28000       0.00       0.00
20110620   RevLongLiq  1  29.07000    -221.00   -2184.00
20110620    DMA Short  1  29.07000       0.00       0.00
20110713   RevShrtLiq  1  30.41000    -234.00   -2418.00
20110713      DMA Buy  1  30.41000       0.00       0.00
20110808   RevLongLiq  1  27.75000    -366.00   -2784.00
20110808    DMA Short  1  27.75000       0.00       0.00
20110902   RevShrtLiq  1  29.79000    -304.00   -3088.00
20110902      DMA Buy  1  29.79000       0.00       0.00
20110915   RevLongLiq  1  29.11000    -168.00   -3256.00
20110915    DMA Short  1  29.11000       0.00       0.00
20111031   RevShrtLiq  1  27.72000      39.00   -3217.00
20111031      DMA Buy  1  27.72000       0.00       0.00
20111125   RevLongLiq  1  26.64000    -208.00   -3425.00
20111125    DMA Short  1  26.64000       0.00       0.00
20120106   RevShrtLiq  1  27.59000    -195.00   -3620.00
20120106      DMA Buy  1  27.59000       0.00       0.00
20120330   RevLongLiq  1  28.80000      21.00   -3599.00
20120330    DMA Short  1  28.80000       0.00       0.00
20120706   RevShrtLiq  1  25.91000     189.00   -3410.00
20120706      DMA Buy  1  25.91000       0.00       0.00
20120927   RevLongLiq  1  28.51000     160.00   -3250.00
20120927    DMA Short  1  28.51000       0.00       0.00
20121129   RevShrtLiq  1  28.08000     -57.00   -3307.00
20121129      DMA Buy  1  28.08000       0.00       0.00
20121213   RevLongLiq  1  27.38000    -170.00   -3477.00
20121213    DMA Short  1  27.38000       0.00       0.00
20130122   RevShrtLiq  1  28.06000    -168.00   -3645.00
20130122      DMA Buy  1  28.06000       0.00       0.00
20130226   RevLongLiq  1  27.42000    -164.00   -3809.00
20130226    DMA Short  1  27.42000       0.00       0.00
20130605   RevShrtLiq  1  26.16000      26.00   -3783.00
20130605      DMA Buy  1  26.16000       0.00       0.00
20130612   RevLongLiq  1  26.02000    -114.00   -3897.00
20130612    DMA Short  1  26.02000       0.00       0.00
20130613   RevShrtLiq  1  26.19000    -117.00   -4014.00
20130613      DMA Buy  1  26.19000       0.00       0.00
20130620   RevLongLiq  1  25.59000    -160.00   -4174.00
20130620    DMA Short  1  25.59000       0.00       0.00
20130717   RevShrtLiq  1  26.10000    -151.00   -4325.00
20130717      DMA Buy  1  26.10000       0.00       0.00
20130806   RevLongLiq  1  25.55000    -155.00   -4480.00
20130806    DMA Short  1  25.55000       0.00       0.00
20130815   RevShrtLiq  1  26.45000    -190.00   -4670.00
20130815      DMA Buy  1  26.45000       0.00       0.00
20130919   RevLongLiq  1  26.20000    -125.00   -4795.00
20130919    DMA Short  1  26.20000       0.00       0.00
20131022   RevShrtLiq  1  26.17000     -97.00   -4892.00
20131022      DMA Buy  1  26.17000       0.00       0.00
20131023   RevLongLiq  1  25.77000    -140.00   -5032.00
20131023    DMA Short  1  25.77000       0.00       0.00
20131210   RevShrtLiq  1  25.73000     -96.00   -5128.00
20131210      DMA Buy  1  25.73000       0.00       0.00
20140108   RevLongLiq  1  24.90000    -183.00   -5311.00
20140108    DMA Short  1  24.90000       0.00       0.00
20140212   RevShrtLiq  1  25.55000    -165.00   -5476.00
20140212      DMA Buy  1  25.55000       0.00       0.00
20140327   RevLongLiq  1  26.13000     -42.00   -5518.00
20140327    DMA Short  1  26.13000       0.00       0.00
20140328   RevShrtLiq  1  26.14000    -101.00   -5619.00
20140328      DMA Buy  1  26.14000       0.00       0.00
20140331   RevLongLiq  1  26.12000    -102.00   -5721.00
20140331    DMA Short  1  26.12000       0.00       0.00
20140409   RevShrtLiq  1  26.38000    -126.00   -5847.00
20140409      DMA Buy  1  26.38000       0.00       0.00
20140513   RevLongLiq  1  26.28000    -110.00   -5957.00
20140513    DMA Short  1  26.28000       0.00       0.00
20140514   RevShrtLiq  1  26.40000    -112.00   -6069.00
20140514      DMA Buy  1  26.40000       0.00       0.00
20140515   RevLongLiq  1  26.24000    -116.00   -6185.00
20140515    DMA Short  1  26.24000       0.00       0.00
20140523   RevShrtLiq  1  26.43000    -119.00   -6304.00
20140523      DMA Buy  1  26.43000       0.00       0.00
20140527   RevLongLiq  1  26.21000    -122.00   -6426.00
20140527    DMA Short  1  26.21000       0.00       0.00
20140618   RevShrtLiq  1  26.61000    -140.00   -6566.00
20140618      DMA Buy  1  26.61000       0.00       0.00
20140710   RevLongLiq  1  25.98000    -163.00   -6729.00
20140710    DMA Short  1  25.98000       0.00       0.00
20150212   RevShrtLiq  1  18.10000     688.00   -6041.00
20150212      DMA Buy  1  18.10000       0.00       0.00
20150311   RevLongLiq  1  17.38000    -172.00   -6213.00
20150311    DMA Short  1  17.38000       0.00       0.00
20150416   RevShrtLiq  1  17.98000    -160.00   -6373.00
20150416      DMA Buy  1  17.98000       0.00       0.00
20150529   RevLongLiq  1  17.71000    -127.00   -6500.00
20150529    DMA Short  1  17.71000       0.00       0.00
20151006   RevShrtLiq  1  15.65000     106.00   -6394.00
20151006      DMA Buy  1  15.65000       0.00       0.00
20151023   RevLongLiq  1  15.00000    -165.00   -6559.00
20151023    DMA Short  1  15.00000       0.00       0.00
20160225   RevShrtLiq  1  12.61000     139.00   -6420.00
20160225      DMA Buy  1  12.61000       0.00       0.00
20160428        L-EOD  1  14.44000      83.00   -6337.00
------------------------------
Sys Name : DualMoving
Mkt Symb : fb.csv
20120521    DMA Short  1  34.03000       0.00       0.00
20120716   RevShrtLiq  1  28.25000     478.00     478.00
20120716      DMA Buy  1  28.25000       0.00       0.00
20120720   RevLongLiq  1  28.76000     -49.00     429.00
20120720    DMA Short  1  28.76000       0.00       0.00
20120919   RevShrtLiq  1  23.29000     447.00     876.00
20120919      DMA Buy  1  23.29000       0.00       0.00
20121016   RevLongLiq  1  19.48000    -481.00     395.00
20121016    DMA Short  1  19.48000       0.00       0.00
20121102   RevShrtLiq  1  21.18000    -270.00     125.00
20121102      DMA Buy  1  21.18000       0.00       0.00
20121109   RevLongLiq  1  19.21000    -297.00    -172.00
20121109    DMA Short  1  19.21000       0.00       0.00
20121116   RevShrtLiq  1  23.56000    -535.00    -707.00
20121116      DMA Buy  1  23.56000       0.00       0.00
20130212   RevLongLiq  1  27.37000     281.00    -426.00
20130212    DMA Short  1  27.37000       0.00       0.00
20130415   RevShrtLiq  1  26.52000     -15.00    -441.00
20130415      DMA Buy  1  26.52000       0.00       0.00
20130422   RevLongLiq  1  25.97000    -155.00    -596.00
20130422    DMA Short  1  25.97000       0.00       0.00
20130502   RevShrtLiq  1  28.97000    -400.00    -996.00
20130502      DMA Buy  1  28.97000       0.00       0.00
20130520   RevLongLiq  1  25.76000    -421.00   -1417.00
20130520    DMA Short  1  25.76000       0.00       0.00
20130709   RevShrtLiq  1  25.48000     -72.00   -1489.00
20130709      DMA Buy  1  25.48000       0.00       0.00
20131107   RevLongLiq  1  47.56000    2108.00     619.00
20131107    DMA Short  1  47.56000       0.00       0.00
20131213   RevShrtLiq  1  53.32000    -676.00     -57.00
20131213      DMA Buy  1  53.32000       0.00       0.00
20140326   RevLongLiq  1  60.39000     607.00     550.00
20140326    DMA Short  1  60.39000       0.00       0.00
20140527   RevShrtLiq  1  63.48000    -409.00     141.00
20140527      DMA Buy  1  63.48000       0.00       0.00
20141013   RevLongLiq  1  72.99000     851.00     992.00
20141013    DMA Short  1  72.99000       0.00       0.00
20141027   RevShrtLiq  1  80.28000    -829.00     163.00
20141027      DMA Buy  1  80.28000       0.00       0.00
20141106   RevLongLiq  1  75.26000    -602.00    -439.00
20141106    DMA Short  1  75.26000       0.00       0.00
20141205   RevShrtLiq  1  76.36000    -210.00    -649.00
20141205      DMA Buy  1  76.36000       0.00       0.00
20150115   RevLongLiq  1  74.05000    -331.00    -980.00
20150115    DMA Short  1  74.05000       0.00       0.00
20150223   RevShrtLiq  1  78.84000    -579.00   -1559.00
20150223      DMA Buy  1  78.84000       0.00       0.00
20150501   RevLongLiq  1  78.99000     -85.00   -1644.00
20150501    DMA Short  1  78.99000       0.00       0.00
20150605   RevShrtLiq  1  82.14000    -415.00   -2059.00
20150605      DMA Buy  1  82.14000       0.00       0.00
20150824   RevLongLiq  1  82.09000    -105.00   -2164.00
20150824    DMA Short  1  82.09000       0.00       0.00
20150918   RevShrtLiq  1  94.40000   -1331.00   -3495.00
20150918      DMA Buy  1  94.40000       0.00       0.00
20151215   RevLongLiq  1 104.55000     915.00   -2580.00
20151215    DMA Short  1 104.55000       0.00       0.00
20160202   RevShrtLiq  1 114.61000   -1106.00   -3686.00
20160202      DMA Buy  1 114.61000       0.00       0.00
20160218   RevLongLiq  1 103.47000   -1214.00   -4900.00
20160218    DMA Short  1 103.47000       0.00       0.00
20160222   RevShrtLiq  1 107.16000    -469.00   -5369.00
20160222      DMA Buy  1 107.16000       0.00       0.00
20160420   RevLongLiq  1 112.42000     426.00   -4943.00
20160420    DMA Short  1 112.42000       0.00       0.00
20160422   RevShrtLiq  1 110.56000      86.00   -4857.00
20160422      DMA Buy  1 110.56000       0.00       0.00
20160425   RevLongLiq  1 110.10000    -146.00   -5003.00
20160425    DMA Short  1 110.10000       0.00       0.00
20160428   RevShrtLiq  1 116.73000    -763.00   -5766.00
20160428      DMA Buy  1 116.73000       0.00       0.00
20160428        L-EOD  1 116.73000    -100.00   -5866.00
------------------------------
Sys Name : DualMoving
Mkt Symb : gdx.csv
20120521    DMA Short  1  43.01000       0.00       0.00
20120604   RevShrtLiq  1  47.33000    -532.00    -532.00
20120604      DMA Buy  1  47.33000       0.00       0.00
20120709   RevLongLiq  1  44.25000    -408.00    -940.00
20120709    DMA Short  1  44.25000       0.00       0.00
20120813   RevShrtLiq  1  44.24000     -99.00   -1039.00
20120813      DMA Buy  1  44.24000       0.00       0.00
20121024   RevLongLiq  1  50.06000     482.00    -557.00
20121024    DMA Short  1  50.06000       0.00       0.00
20130606   RevShrtLiq  1  30.30000    1876.00    1319.00
20130606      DMA Buy  1  30.30000       0.00       0.00
20130617   RevLongLiq  1  28.19000    -311.00    1008.00
20130617    DMA Short  1  28.19000       0.00       0.00
20130725   RevShrtLiq  1  27.21000      -2.00    1006.00
20130725      DMA Buy  1  27.21000       0.00       0.00
20130912   RevLongLiq  1  25.29000    -292.00     714.00
20130912    DMA Short  1  25.29000       0.00       0.00
20131029   RevShrtLiq  1  25.78000    -149.00     565.00
20131029      DMA Buy  1  25.78000       0.00       0.00
20131108   RevLongLiq  1  24.28000    -250.00     315.00
20131108    DMA Short  1  24.28000       0.00       0.00
20140113   RevShrtLiq  1  22.65000      63.00     378.00
20140113      DMA Buy  1  22.65000       0.00       0.00
20140326   RevLongLiq  1  23.49000     -16.00     362.00
20140326    DMA Short  1  23.49000       0.00       0.00
20140618   RevShrtLiq  1  24.76000    -227.00     135.00
20140618      DMA Buy  1  24.76000       0.00       0.00
20140826   RevLongLiq  1  26.19000      43.00     178.00
20140826    DMA Short  1  26.19000       0.00       0.00
20141126   RevShrtLiq  1  20.10000     509.00     687.00
20141126      DMA Buy  1  20.10000       0.00       0.00
20141202   RevLongLiq  1  19.20000    -190.00     497.00
20141202    DMA Short  1  19.20000       0.00       0.00
20141203   RevShrtLiq  1  19.25000    -105.00     392.00
20141203      DMA Buy  1  19.25000       0.00       0.00
20141205   RevLongLiq  1  18.75000    -150.00     242.00
20141205    DMA Short  1  18.75000       0.00       0.00
20141211   RevShrtLiq  1  19.00000    -125.00     117.00
20141211      DMA Buy  1  19.00000       0.00       0.00
20141212   RevLongLiq  1  18.65000    -135.00     -18.00
20141212    DMA Short  1  18.65000       0.00       0.00
20150108   RevShrtLiq  1  19.79000    -214.00    -232.00
20150108      DMA Buy  1  19.79000       0.00       0.00
20150223   RevLongLiq  1  20.54000     -25.00    -257.00
20150223    DMA Short  1  20.54000       0.00       0.00
20150416   RevShrtLiq  1  19.74000     -20.00    -277.00
20150416      DMA Buy  1  19.74000       0.00       0.00
20150529   RevLongLiq  1  19.58000    -116.00    -393.00
20150529    DMA Short  1  19.58000       0.00       0.00
20151006   RevShrtLiq  1  15.68000     290.00    -103.00
20151006      DMA Buy  1  15.68000       0.00       0.00
20151106   RevLongLiq  1  13.46000    -322.00    -425.00
20151106    DMA Short  1  13.46000       0.00       0.00
20151231   RevShrtLiq  1  13.72000    -126.00    -551.00
20151231      DMA Buy  1  13.72000       0.00       0.00
20160119   RevLongLiq  1  12.47000    -225.00    -776.00
20160119    DMA Short  1  12.47000       0.00       0.00
20160202   RevShrtLiq  1  14.30000    -283.00   -1059.00
20160202      DMA Buy  1  14.30000       0.00       0.00
20160428        L-EOD  1  24.28000     898.00    -161.00
------------------------------
Sys Name : DualMoving
Mkt Symb : goog.csv
20120521    DMA Short  1 307.06000       0.00       0.00
20120712   RevShrtLiq  1 285.24000    2082.00    2082.00
20120712      DMA Buy  1 285.24000       0.00       0.00
20121023   RevLongLiq  1 340.18000    5394.00    7476.00
20121023    DMA Short  1 340.18000       0.00       0.00
20121207   RevShrtLiq  1 342.11000    -293.00    7183.00
20121207      DMA Buy  1 342.11000       0.00       0.00
20130404   RevLongLiq  1 397.54000    5443.00   12626.00
20130404    DMA Short  1 397.54000       0.00       0.00
20130501   RevShrtLiq  1 410.22000   -1368.00   11258.00
20130501      DMA Buy  1 410.22000       0.00       0.00
20130701   RevLongLiq  1 443.94000    3272.00   14530.00
20130701    DMA Short  1 443.94000       0.00       0.00
20130708   RevShrtLiq  1 452.55000    -961.00   13569.00
20130708      DMA Buy  1 452.55000       0.00       0.00
20130806   RevLongLiq  1 448.29000    -526.00   13043.00
20130806    DMA Short  1 448.29000       0.00       0.00
20130809   RevShrtLiq  1 445.21000     208.00   13251.00
20130809      DMA Buy  1 445.21000       0.00       0.00
20130812   RevLongLiq  1 442.76000    -345.00   12906.00
20130812    DMA Short  1 442.76000       0.00       0.00
20130913   RevShrtLiq  1 444.53000    -277.00   12629.00
20130913      DMA Buy  1 444.53000       0.00       0.00
20131008   RevLongLiq  1 426.84000   -1869.00   10760.00
20131008    DMA Short  1 426.84000       0.00       0.00
20131018   RevShrtLiq  1 505.70000   -7986.00    2774.00
20131018      DMA Buy  1 505.70000       0.00       0.00
20140325   RevLongLiq  1 579.36000    7266.00   10040.00
20140325    DMA Short  1 579.36000       0.00       0.00
20140527   RevShrtLiq  1 565.95000    1241.00   11281.00
20140527      DMA Buy  1 565.95000       0.00       0.00
20140807   RevLongLiq  1 563.36000    -359.00   10922.00
20140807    DMA Short  1 563.36000       0.00       0.00
20140825   RevShrtLiq  1 580.20000   -1784.00    9138.00
20140825      DMA Buy  1 580.20000       0.00       0.00
20140902   RevLongLiq  1 577.33000    -387.00    8751.00
20140902    DMA Short  1 577.33000       0.00       0.00
20140910   RevShrtLiq  1 583.10000    -677.00    8074.00
20140910      DMA Buy  1 583.10000       0.00       0.00
20141002   RevLongLiq  1 570.08000   -1402.00    6672.00
20141002    DMA Short  1 570.08000       0.00       0.00
20150128   RevShrtLiq  1 510.00000    5908.00   12580.00
20150128      DMA Buy  1 510.00000       0.00       0.00
20150406   RevLongLiq  1 536.77000    2577.00   15157.00
20150406    DMA Short  1 536.77000       0.00       0.00
20150504   RevShrtLiq  1 540.78000    -501.00   14656.00
20150504      DMA Buy  1 540.78000       0.00       0.00
20150506   RevLongLiq  1 524.22000   -1756.00   12900.00
20150506    DMA Short  1 524.22000       0.00       0.00
20150626   RevShrtLiq  1 531.69000    -847.00   12053.00
20150626      DMA Buy  1 531.69000       0.00       0.00
20150630   RevLongLiq  1 520.51000   -1218.00   10835.00
20150630    DMA Short  1 520.51000       0.00       0.00
20150714     S-MMLoss  1 561.10000   -4159.00    6676.00
20150715      DMA Buy  1 560.22000       0.00       0.00
20150901   RevLongLiq  1 597.79000    3657.00   10333.00
20150901    DMA Short  1 597.79000       0.00       0.00
20150915     S-MMLoss  1 635.14000   -3835.00    6498.00
20150916    DMA Short  1 635.98000       0.00       0.00
20150923   RevShrtLiq  1 622.36000    1262.00    7760.00
20150923      DMA Buy  1 622.36000       0.00       0.00
20150925   RevLongLiq  1 611.97000   -1139.00    6621.00
20150925    DMA Short  1 611.97000       0.00       0.00
20151006     S-MMLoss  1 645.44000   -3447.00    3174.00
20151007    DMA Short  1 642.36000       0.00       0.00
20151009   RevShrtLiq  1 643.61000    -225.00    2949.00
20151009      DMA Buy  1 643.61000       0.00       0.00
20160111   RevLongLiq  1 716.03000    7142.00   10091.00
20160111    DMA Short  1 716.03000       0.00       0.00
20160201     S-MMLoss  1 752.00000   -3697.00    6394.00
20160202    DMA Short  1 764.65000       0.00       0.00
20160309   RevShrtLiq  1 705.24000    5841.00   12235.00
20160309      DMA Buy  1 705.24000       0.00       0.00
20160428   RevLongLiq  1 691.02000   -1522.00   10713.00
20160428    DMA Short  1 691.02000       0.00       0.00
20160428        S-EOD  1 691.02000    -100.00   10613.00
------------------------------
Sys Name : DualMoving
Mkt Symb : ivm.csv
20120521    DMA Short  1  76.45000       0.00       0.00
20120626   RevShrtLiq  1  76.20000     -75.00     -75.00
20120626      DMA Buy  1  76.20000       0.00       0.00
20120801   RevLongLiq  1  77.06000     -14.00     -89.00
20120801    DMA Short  1  77.06000       0.00       0.00
20120808   RevShrtLiq  1  79.82000    -376.00    -465.00
20120808      DMA Buy  1  79.82000       0.00       0.00
20121012   RevLongLiq  1  82.10000     128.00    -337.00
20121012    DMA Short  1  82.10000       0.00       0.00
20121204   RevShrtLiq  1  82.09000     -99.00    -436.00
20121204      DMA Buy  1  82.09000       0.00       0.00
20130411   RevLongLiq  1  94.02000    1093.00     657.00
20130411    DMA Short  1  94.02000       0.00       0.00
20130503   RevShrtLiq  1  94.76000    -174.00     483.00
20130503      DMA Buy  1  94.76000       0.00       0.00
20130625   RevLongLiq  1  95.62000     -14.00     469.00
20130625    DMA Short  1  95.62000       0.00       0.00
20130709   RevShrtLiq  1 101.00000    -638.00    -169.00
20130709      DMA Buy  1 101.00000       0.00       0.00
20130822   RevLongLiq  1 102.91000      91.00     -78.00
20130822    DMA Short  1 102.91000       0.00       0.00
20130913   RevShrtLiq  1 104.81000    -290.00    -368.00
20130913      DMA Buy  1 104.81000       0.00       0.00
20140203   RevLongLiq  1 108.65000     284.00     -84.00
20140203    DMA Short  1 108.65000       0.00       0.00
20140224   RevShrtLiq  1 116.51000    -886.00    -970.00
20140224      DMA Buy  1 116.51000       0.00       0.00
20140403   RevLongLiq  1 117.20000     -31.00   -1001.00
20140403    DMA Short  1 117.20000       0.00       0.00
20140602   RevShrtLiq  1 112.25000     395.00    -606.00
20140602      DMA Buy  1 112.25000       0.00       0.00
20140717   RevLongLiq  1 112.48000     -77.00    -683.00
20140717    DMA Short  1 112.48000       0.00       0.00
20140825   RevShrtLiq  1 115.75000    -427.00   -1110.00
20140825      DMA Buy  1 115.75000       0.00       0.00
20140923   RevLongLiq  1 111.32000    -543.00   -1653.00
20140923    DMA Short  1 111.32000       0.00       0.00
20141030   RevShrtLiq  1 114.87000    -455.00   -2108.00
20141030      DMA Buy  1 114.87000       0.00       0.00
20141217   RevLongLiq  1 116.89000     102.00   -2006.00
20141217    DMA Short  1 116.89000       0.00       0.00
20141223   RevShrtLiq  1 119.86000    -397.00   -2403.00
20141223      DMA Buy  1 119.86000       0.00       0.00
20150114   RevLongLiq  1 116.80000    -406.00   -2809.00
20150114    DMA Short  1 116.80000       0.00       0.00
20150129   RevShrtLiq  1 118.30000    -250.00   -3059.00
20150129      DMA Buy  1 118.30000       0.00       0.00
20150130   RevLongLiq  1 115.70000    -360.00   -3419.00
20150130    DMA Short  1 115.70000       0.00       0.00
20150202   RevShrtLiq  1 116.76000    -206.00   -3625.00
20150202      DMA Buy  1 116.76000       0.00       0.00
20150504   RevLongLiq  1 122.41000     465.00   -3160.00
20150504    DMA Short  1 122.41000       0.00       0.00
20150527   RevShrtLiq  1 124.75000    -334.00   -3494.00
20150527      DMA Buy  1 124.75000       0.00       0.00
20150708   RevLongLiq  1 121.99000    -376.00   -3870.00
20150708    DMA Short  1 121.99000       0.00       0.00
20151014   RevShrtLiq  1 112.87000     812.00   -3058.00
20151014      DMA Buy  1 112.87000       0.00       0.00
20151211   RevLongLiq  1 111.91000    -196.00   -3254.00
20151211    DMA Short  1 111.91000       0.00       0.00
20160229   RevShrtLiq  1 102.73000     818.00   -2436.00
20160229      DMA Buy  1 102.73000       0.00       0.00
20160428        L-EOD  1 113.50000     977.00   -1459.00
------------------------------
Sys Name : DualMoving
Mkt Symb : msft.csv
20120521    DMA Short  1  29.75000       0.00       0.00
20120622   RevShrtLiq  1  30.70000    -195.00    -195.00
20120622      DMA Buy  1  30.70000       0.00       0.00
20120718   RevLongLiq  1  30.45000    -125.00    -320.00
20120718    DMA Short  1  30.45000       0.00       0.00
20120813   RevShrtLiq  1  30.39000     -94.00    -414.00
20120813      DMA Buy  1  30.39000       0.00       0.00
20121001   RevLongLiq  1  29.49000    -190.00    -604.00
20121001    DMA Short  1  29.49000       0.00       0.00
20130123   RevShrtLiq  1  27.61000      88.00    -516.00
20130123      DMA Buy  1  27.61000       0.00       0.00
20130625   RevLongLiq  1  33.67000     506.00     -10.00
20130625    DMA Short  1  33.67000       0.00       0.00
20130715   RevShrtLiq  1  36.17000    -350.00    -360.00
20130715      DMA Buy  1  36.17000       0.00       0.00
20130723   RevLongLiq  1  31.82000    -535.00    -895.00
20130723    DMA Short  1  31.82000       0.00       0.00
20130830   RevShrtLiq  1  33.40000    -258.00   -1153.00
20130830      DMA Buy  1  33.40000       0.00       0.00
20130906   RevLongLiq  1  31.15000    -325.00   -1478.00
20130906    DMA Short  1  31.15000       0.00       0.00
20130917   RevShrtLiq  1  32.93000    -278.00   -1756.00
20130917      DMA Buy  1  32.93000       0.00       0.00
20131219   RevLongLiq  1  36.25000     232.00   -1524.00
20131219    DMA Short  1  36.25000       0.00       0.00
20140207   RevShrtLiq  1  36.56000    -131.00   -1655.00
20140207      DMA Buy  1  36.56000       0.00       0.00
20140508   RevLongLiq  1  39.64000     208.00   -1447.00
20140508    DMA Short  1  39.64000       0.00       0.00
20140529   RevShrtLiq  1  40.34000    -170.00   -1617.00
20140529      DMA Buy  1  40.34000       0.00       0.00
20141010   RevLongLiq  1  44.03000     269.00   -1348.00
20141010    DMA Short  1  44.03000       0.00       0.00
20141031   RevShrtLiq  1  46.95000    -392.00   -1740.00
20141031      DMA Buy  1  46.95000       0.00       0.00
20141215   RevLongLiq  1  46.67000    -128.00   -1868.00
20141215    DMA Short  1  46.67000       0.00       0.00
20150422   RevShrtLiq  1  42.99000     268.00   -1600.00
20150422      DMA Buy  1  42.99000       0.00       0.00
20150610   RevLongLiq  1  46.61000     262.00   -1338.00
20150610    DMA Short  1  46.61000       0.00       0.00
20150721   RevShrtLiq  1  47.28000    -167.00   -1505.00
20150721      DMA Buy  1  47.28000       0.00       0.00
20150824   RevLongLiq  1  41.68000    -660.00   -2165.00
20150824    DMA Short  1  41.68000       0.00       0.00
20151005   RevShrtLiq  1  46.63000    -595.00   -2760.00
20151005      DMA Buy  1  46.63000       0.00       0.00
20160111   RevLongLiq  1  52.30000     467.00   -2293.00
20160111    DMA Short  1  52.30000       0.00       0.00
20160302   RevShrtLiq  1  52.95000    -165.00   -2458.00
20160302      DMA Buy  1  52.95000       0.00       0.00
20160428   RevLongLiq  1  49.90000    -405.00   -2863.00
20160428    DMA Short  1  49.90000       0.00       0.00
20160428        S-EOD  1  49.90000    -100.00   -2963.00
------------------------------
Sys Name : DualMoving
Mkt Symb : qqq.csv
20120521    DMA Short  1  62.14000       0.00       0.00
20120626   RevShrtLiq  1  62.15000    -101.00    -101.00
20120626      DMA Buy  1  62.15000       0.00       0.00
20121008   RevLongLiq  1  67.98000     483.00     382.00
20121008    DMA Short  1  67.98000       0.00       0.00
20121204   RevShrtLiq  1  65.26000     172.00     554.00
20121204      DMA Buy  1  65.26000       0.00       0.00
20130228   RevLongLiq  1  66.73000      47.00     601.00
20130228    DMA Short  1  66.73000       0.00       0.00
20130306   RevShrtLiq  1  68.14000    -241.00     360.00
20130306      DMA Buy  1  68.14000       0.00       0.00
20130620   RevLongLiq  1  70.65000     151.00     511.00
20130620    DMA Short  1  70.65000       0.00       0.00
20130712   RevShrtLiq  1  74.93000    -528.00     -17.00
20130712      DMA Buy  1  74.93000       0.00       0.00
20140203   RevLongLiq  1  83.92000     799.00     782.00
20140203    DMA Short  1  83.92000       0.00       0.00
20140214   RevShrtLiq  1  89.44000    -652.00     130.00
20140214      DMA Buy  1  89.44000       0.00       0.00
20140328   RevLongLiq  1  87.05000    -339.00    -209.00
20140328    DMA Short  1  87.05000       0.00       0.00
20140513   RevShrtLiq  1  88.29000    -224.00    -433.00
20140513      DMA Buy  1  88.29000       0.00       0.00
20140812   RevLongLiq  1  95.42000     613.00     180.00
20140812    DMA Short  1  95.42000       0.00       0.00
20140814   RevShrtLiq  1  96.93000    -251.00     -71.00
20140814      DMA Buy  1  96.93000       0.00       0.00
20141002   RevLongLiq  1  97.21000     -72.00    -143.00
20141002    DMA Short  1  97.21000       0.00       0.00
20141030   RevShrtLiq  1 100.02000    -381.00    -524.00
20141030      DMA Buy  1 100.02000       0.00       0.00
20141219   RevLongLiq  1 104.32000     330.00    -194.00
20141219    DMA Short  1 104.32000       0.00       0.00
20141229   RevShrtLiq  1 105.02000    -170.00    -364.00
20141229      DMA Buy  1 105.02000       0.00       0.00
20150106   RevLongLiq  1 100.07000    -595.00    -959.00
20150106    DMA Short  1 100.07000       0.00       0.00
20150210   RevShrtLiq  1 104.40000    -533.00   -1492.00
20150210      DMA Buy  1 104.40000       0.00       0.00
20150401   RevLongLiq  1 105.05000     -35.00   -1527.00
20150401    DMA Short  1 105.05000       0.00       0.00
20150420   RevShrtLiq  1 107.60000    -355.00   -1882.00
20150420      DMA Buy  1 107.60000       0.00       0.00
20150615   RevLongLiq  1 108.21000     -39.00   -1921.00
20150615    DMA Short  1 108.21000       0.00       0.00
20150622   RevShrtLiq  1 110.70000    -349.00   -2270.00
20150622      DMA Buy  1 110.70000       0.00       0.00
20150701   RevLongLiq  1 107.92000    -378.00   -2648.00
20150701    DMA Short  1 107.92000       0.00       0.00
20150720   RevShrtLiq  1 113.98000    -706.00   -3354.00
20150720      DMA Buy  1 113.98000       0.00       0.00
20150821   RevLongLiq  1 102.40000   -1258.00   -4612.00
20150821    DMA Short  1 102.40000       0.00       0.00
20151012   RevShrtLiq  1 106.79000    -539.00   -5151.00
20151012      DMA Buy  1 106.79000       0.00       0.00
20151215   RevLongLiq  1 112.31000     452.00   -4699.00
20151215    DMA Short  1 112.31000       0.00       0.00
20160229   RevShrtLiq  1 102.50000     881.00   -3818.00
20160229      DMA Buy  1 102.50000       0.00       0.00
20160428        L-EOD  1 106.28000     278.00   -3540.00
------------------------------
Sys Name : DualMoving
Mkt Symb : slv.csv
20120522    DMA Short  1  27.34000       0.00       0.00
20120806   RevShrtLiq  1  27.11000     -77.00     -77.00
20120806      DMA Buy  1  27.11000       0.00       0.00
20121019   RevLongLiq  1  31.09000     298.00     221.00
20121019    DMA Short  1  31.09000       0.00       0.00
20121126   RevShrtLiq  1  33.02000    -293.00     -72.00
20121126      DMA Buy  1  33.02000       0.00       0.00
20121219   RevLongLiq  1  30.11000    -391.00    -463.00
20121219    DMA Short  1  30.11000       0.00       0.00
20130125   RevShrtLiq  1  30.21000    -110.00    -573.00
20130125      DMA Buy  1  30.21000       0.00       0.00
20130219   RevLongLiq  1  28.45000    -276.00    -849.00
20130219    DMA Short  1  28.45000       0.00       0.00
20130812   RevShrtLiq  1  20.62000     683.00    -166.00
20130812      DMA Buy  1  20.62000       0.00       0.00
20130923   RevLongLiq  1  20.78000     -84.00    -250.00
20130923    DMA Short  1  20.78000       0.00       0.00
20131028   RevShrtLiq  1  21.68000    -190.00    -440.00
20131028      DMA Buy  1  21.68000       0.00       0.00
20131108   RevLongLiq  1  20.69000    -199.00    -639.00
20131108    DMA Short  1  20.69000       0.00       0.00
20140113   RevShrtLiq  1  19.68000       1.00    -638.00
20140113      DMA Buy  1  19.68000       0.00       0.00
20140130   RevLongLiq  1  18.49000    -219.00    -857.00
20140130    DMA Short  1  18.49000       0.00       0.00
20140213   RevShrtLiq  1  19.74000    -225.00   -1082.00
20140213      DMA Buy  1  19.74000       0.00       0.00
20140325   RevLongLiq  1  19.22000    -152.00   -1234.00
20140325    DMA Short  1  19.22000       0.00       0.00
20140617   RevShrtLiq  1  18.94000     -72.00   -1306.00
20140617      DMA Buy  1  18.94000       0.00       0.00
20140804   RevLongLiq  1  19.40000     -54.00   -1360.00
20140804    DMA Short  1  19.40000       0.00       0.00
20141211   RevShrtLiq  1  16.33000     207.00   -1153.00
20141211      DMA Buy  1  16.33000       0.00       0.00
20141223   RevLongLiq  1  15.04000    -229.00   -1382.00
20141223    DMA Short  1  15.04000       0.00       0.00
20150113   RevShrtLiq  1  16.29000    -225.00   -1607.00
20150113      DMA Buy  1  16.29000       0.00       0.00
20150218   RevLongLiq  1  15.75000    -154.00   -1761.00
20150218    DMA Short  1  15.75000       0.00       0.00
20150327   RevShrtLiq  1  16.22000    -147.00   -1908.00
20150327      DMA Buy  1  16.22000       0.00       0.00
20150420   RevLongLiq  1  15.29000    -193.00   -2101.00
20150420    DMA Short  1  15.29000       0.00       0.00
20150514   RevShrtLiq  1  16.65000    -236.00   -2337.00
20150514      DMA Buy  1  16.65000       0.00       0.00
20150608   RevLongLiq  1  15.32000    -233.00   -2570.00
20150608    DMA Short  1  15.32000       0.00       0.00
20150818   RevShrtLiq  1  14.22000      10.00   -2560.00
20150818      DMA Buy  1  14.22000       0.00       0.00
20150826   RevLongLiq  1  13.56000    -166.00   -2726.00
20150826    DMA Short  1  13.56000       0.00       0.00
20150924   RevShrtLiq  1  14.43000    -187.00   -2913.00
20150924      DMA Buy  1  14.43000       0.00       0.00
20151001   RevLongLiq  1  13.90000    -153.00   -3066.00
20151001    DMA Short  1  13.90000       0.00       0.00
20151005   RevShrtLiq  1  14.89000    -199.00   -3265.00
20151005      DMA Buy  1  14.89000       0.00       0.00
20151106   RevLongLiq  1  14.08000    -181.00   -3446.00
20151106    DMA Short  1  14.08000       0.00       0.00
20160126   RevShrtLiq  1  13.82000     -74.00   -3520.00
20160126      DMA Buy  1  13.82000       0.00       0.00
20160404   RevLongLiq  1  14.20000     -62.00   -3582.00
20160404    DMA Short  1  14.20000       0.00       0.00
20160412   RevShrtLiq  1  15.41000    -221.00   -3803.00
20160412      DMA Buy  1  15.41000       0.00       0.00
20160429        L-EOD  1  16.98000      57.00   -3746.00
------------------------------
Sys Name : DualMoving
Mkt Symb : spy.csv
20120521    DMA Short  1 131.97000       0.00       0.00
20120622   RevShrtLiq  1 133.46000    -249.00    -249.00
20120622      DMA Buy  1 133.46000       0.00       0.00
20121022   RevLongLiq  1 143.41000     895.00     646.00
20121022    DMA Short  1 143.41000       0.00       0.00
20121205   RevShrtLiq  1 141.50000      91.00     737.00
20121205      DMA Buy  1 141.50000       0.00       0.00
20130620   RevLongLiq  1 159.40000    1690.00    2427.00
20130620    DMA Short  1 159.40000       0.00       0.00
20130712   RevShrtLiq  1 167.51000    -911.00    1516.00
20130712      DMA Buy  1 167.51000       0.00       0.00
20130822   RevLongLiq  1 166.06000    -245.00    1271.00
20130822    DMA Short  1 166.06000       0.00       0.00
20130916   RevShrtLiq  1 170.31000    -525.00     746.00
20130916      DMA Buy  1 170.31000       0.00       0.00
20140129   RevLongLiq  1 177.35000     604.00    1350.00
20140129    DMA Short  1 177.35000       0.00       0.00
20140219   RevShrtLiq  1 183.02000    -667.00     683.00
20140219      DMA Buy  1 183.02000       0.00       0.00
20140411   RevLongLiq  1 181.51000    -251.00     432.00
20140411    DMA Short  1 181.51000       0.00       0.00
20140428   RevShrtLiq  1 186.88000    -637.00    -205.00
20140428      DMA Buy  1 186.88000       0.00       0.00
20140805   RevLongLiq  1 192.01000     413.00     208.00
20140805    DMA Short  1 192.01000       0.00       0.00
20140821   RevShrtLiq  1 199.50000    -849.00    -641.00
20140821      DMA Buy  1 199.50000       0.00       0.00
20141001   RevLongLiq  1 194.35000    -615.00   -1256.00
20141001    DMA Short  1 194.35000       0.00       0.00
20141031   RevShrtLiq  1 201.66000    -831.00   -2087.00
20141031      DMA Buy  1 201.66000       0.00       0.00
20141217   RevLongLiq  1 201.79000     -87.00   -2174.00
20141217    DMA Short  1 201.79000       0.00       0.00
20141229   RevShrtLiq  1 208.72000    -793.00   -2967.00
20141229      DMA Buy  1 208.72000       0.00       0.00
20150107   RevLongLiq  1 202.31000    -741.00   -3708.00
20150107    DMA Short  1 202.31000       0.00       0.00
20150210   RevShrtLiq  1 206.81000    -550.00   -4258.00
20150210      DMA Buy  1 206.81000       0.00       0.00
20150318   RevLongLiq  1 210.46000     265.00   -3993.00
20150318    DMA Short  1 210.46000       0.00       0.00
20150319   RevShrtLiq  1 209.50000      -4.00   -3997.00
20150319      DMA Buy  1 209.50000       0.00       0.00
20150327   RevLongLiq  1 205.74000    -476.00   -4473.00
20150327    DMA Short  1 205.74000       0.00       0.00
20150416   RevShrtLiq  1 210.37000    -563.00   -5036.00
20150416      DMA Buy  1 210.37000       0.00       0.00
20150609   RevLongLiq  1 208.45000    -292.00   -5328.00
20150609    DMA Short  1 208.45000       0.00       0.00
20150623   RevShrtLiq  1 212.04000    -459.00   -5787.00
20150623      DMA Buy  1 212.04000       0.00       0.00
20150624   RevLongLiq  1 210.50000    -254.00   -6041.00
20150624    DMA Short  1 210.50000       0.00       0.00
20150721   RevShrtLiq  1 211.75000    -225.00   -6266.00
20150721      DMA Buy  1 211.75000       0.00       0.00
20150804   RevLongLiq  1 209.38000    -337.00   -6603.00
20150804    DMA Short  1 209.38000       0.00       0.00
20150806   RevShrtLiq  1 208.35000       3.00   -6600.00
20150806      DMA Buy  1 208.35000       0.00       0.00
20150812   RevLongLiq  1 208.92000     -43.00   -6643.00
20150812    DMA Short  1 208.92000       0.00       0.00
20150817   RevShrtLiq  1 210.59000    -267.00   -6910.00
20150817      DMA Buy  1 210.59000       0.00       0.00
20150820   RevLongLiq  1 203.97000    -762.00   -7672.00
20150820    DMA Short  1 203.97000       0.00       0.00
20151012   RevShrtLiq  1 201.52000     145.00   -7527.00
20151012      DMA Buy  1 201.52000       0.00       0.00
20151211   RevLongLiq  1 201.88000     -64.00   -7591.00
20151211    DMA Short  1 201.88000       0.00       0.00
20160225   RevShrtLiq  1 195.54000     534.00   -7057.00
20160225      DMA Buy  1 195.54000       0.00       0.00
20160428        L-EOD  1 207.45000    1091.00   -5966.00
------------------------------
Sys Name : DualMoving
Mkt Symb : twtr.csv
20131108      DMA Buy  1  41.65000       0.00       0.00
20140207   RevLongLiq  1  54.35000    1170.00    1170.00
20140207    DMA Short  1  54.35000       0.00       0.00
20140617   RevShrtLiq  1  38.02000    1533.00    2703.00
20140617      DMA Buy  1  38.02000       0.00       0.00
20140725   RevLongLiq  1  38.16000     -86.00    2617.00
20140725    DMA Short  1  38.16000       0.00       0.00
20140730   RevShrtLiq  1  46.30000    -914.00    1703.00
20140730      DMA Buy  1  46.30000       0.00       0.00
20141017   RevLongLiq  1  48.77000     147.00    1850.00
20141017    DMA Short  1  48.77000       0.00       0.00
20150114   RevShrtLiq  1  39.85000     792.00    2642.00
20150114      DMA Buy  1  39.85000       0.00       0.00
20150429   RevLongLiq  1  38.49000    -236.00    2406.00
20150429    DMA Short  1  38.49000       0.00       0.00
20150721   RevShrtLiq  1  36.63000      86.00    2492.00
20150721      DMA Buy  1  36.63000       0.00       0.00
20150729   RevLongLiq  1  31.24000    -639.00    1853.00
20150729    DMA Short  1  31.24000       0.00       0.00
20151008   RevShrtLiq  1  30.32000      -8.00    1845.00
20151008      DMA Buy  1  30.32000       0.00       0.00
20151110   RevLongLiq  1  27.05000    -427.00    1418.00
20151110    DMA Short  1  27.05000       0.00       0.00
20160226   RevShrtLiq  1  17.94000     811.00    2229.00
20160226      DMA Buy  1  17.94000       0.00       0.00
20160318   RevLongLiq  1  16.85000    -209.00    2020.00
20160318    DMA Short  1  16.85000       0.00       0.00
20160421   RevShrtLiq  1  17.51000    -166.00    1854.00
20160421      DMA Buy  1  17.51000       0.00       0.00
20160428   RevLongLiq  1  14.64000    -387.00    1467.00
20160428    DMA Short  1  14.64000       0.00       0.00
20160428        S-EOD  1  14.64000    -100.00    1367.00
------------------------------
Sys Name : DualMoving
Mkt Symb : uso.csv
20131114    DMA Short  1  33.93000       0.00       0.00
20131211   RevShrtLiq  1  34.98000    -205.00    -205.00
20131211      DMA Buy  1  34.98000       0.00       0.00
20140109   RevLongLiq  1  33.08000    -290.00    -495.00
20140109    DMA Short  1  33.08000       0.00       0.00
20140131   RevShrtLiq  1  34.80000    -272.00    -767.00
20140131      DMA Buy  1  34.80000       0.00       0.00
20140319   RevLongLiq  1  35.71000      -9.00    -776.00
20140319    DMA Short  1  35.71000       0.00       0.00
20140404   RevShrtLiq  1  36.43000    -172.00    -948.00
20140404      DMA Buy  1  36.43000       0.00       0.00
20140507   RevLongLiq  1  36.60000     -83.00   -1031.00
20140507    DMA Short  1  36.60000       0.00       0.00
20140516   RevShrtLiq  1  37.23000    -163.00   -1194.00
20140516      DMA Buy  1  37.23000       0.00       0.00
20140711   RevLongLiq  1  37.16000    -107.00   -1301.00
20140711    DMA Short  1  37.16000       0.00       0.00
20150212   RevShrtLiq  1  19.18000    1698.00     397.00
20150212      DMA Buy  1  19.18000       0.00       0.00
20150312   RevLongLiq  1  17.44000    -274.00     123.00
20150312    DMA Short  1  17.44000       0.00       0.00
20150410   RevShrtLiq  1  18.41000    -197.00     -74.00
20150410      DMA Buy  1  18.41000       0.00       0.00
20150605   RevLongLiq  1  19.90000      49.00     -25.00
20150605    DMA Short  1  19.90000       0.00       0.00
20150610   RevShrtLiq  1  20.64000    -174.00    -199.00
20150610      DMA Buy  1  20.64000       0.00       0.00
20150615   RevLongLiq  1  20.15000    -149.00    -348.00
20150615    DMA Short  1  20.15000       0.00       0.00
20150617   RevShrtLiq  1  20.21000    -106.00    -454.00
20150617      DMA Buy  1  20.21000       0.00       0.00
20150624   RevLongLiq  1  20.21000    -100.00    -554.00
20150624    DMA Short  1  20.21000       0.00       0.00
20150909   RevShrtLiq  1  14.51000     470.00     -84.00
20150909      DMA Buy  1  14.51000       0.00       0.00
20151022   RevLongLiq  1  14.51000    -100.00    -184.00
20151022    DMA Short  1  14.51000       0.00       0.00
20160303   RevShrtLiq  1   9.25000     426.00     242.00
20160303      DMA Buy  1   9.25000       0.00       0.00
20160429        L-EOD  1  11.40000     115.00     357.00
------------------------------
Sys Name : DualMoving
Mkt Symb : vxx.csv
20131108    DMA Short  1  48.62000       0.00       0.00
20140131   RevShrtLiq  1  49.51000    -189.00    -189.00
20140131      DMA Buy  1  49.51000       0.00       0.00
20140220   RevLongLiq  1  42.54000    -797.00    -986.00
20140220    DMA Short  1  42.54000       0.00       0.00
20140801   RevShrtLiq  1  33.01000     853.00    -133.00
20140801      DMA Buy  1  33.01000       0.00       0.00
20140821   RevLongLiq  1  27.81000    -620.00    -753.00
20140821    DMA Short  1  27.81000       0.00       0.00
20140930   RevShrtLiq  1  31.18000    -437.00   -1190.00
20140930      DMA Buy  1  31.18000       0.00       0.00
20141104   RevLongLiq  1  30.62000    -156.00   -1346.00
20141104    DMA Short  1  30.62000       0.00       0.00
20141216   RevShrtLiq  1  34.63000    -501.00   -1847.00
20141216      DMA Buy  1  34.63000       0.00       0.00
20150219   RevLongLiq  1  30.12000    -551.00   -2398.00
20150219    DMA Short  1  30.12000       0.00       0.00
20150707   RevShrtLiq  1  19.40000     972.00   -1426.00
20150707      DMA Buy  1  19.40000       0.00       0.00
20150717   RevLongLiq  1  16.40000    -400.00   -1826.00
20150717    DMA Short  1  16.40000       0.00       0.00
20150824   RevShrtLiq  1  24.39000    -899.00   -2725.00
20150824      DMA Buy  1  24.39000       0.00       0.00
20151009   RevLongLiq  1  21.27000    -412.00   -3137.00
20151009    DMA Short  1  21.27000       0.00       0.00
20151124   RevShrtLiq  1  19.03000     124.00   -3013.00
20151124      DMA Buy  1  19.03000       0.00       0.00
20151127   RevLongLiq  1  18.91000    -112.00   -3125.00
20151127    DMA Short  1  18.91000       0.00       0.00
20151211   RevShrtLiq  1  23.32000    -541.00   -3666.00
20151211      DMA Buy  1  23.32000       0.00       0.00
20160229   RevLongLiq  1  24.88000      56.00   -3610.00
20160229    DMA Short  1  24.88000       0.00       0.00
20160428        S-EOD  1  16.28000     760.00   -2850.00
------------------------------
Sys Name : DualMoving
Mkt Symb : xom.csv
20131108      DMA Buy  1  92.73000       0.00       0.00
20140127   RevLongLiq  1  94.92000     119.00     119.00
20140127    DMA Short  1  94.92000       0.00       0.00
20140228   RevShrtLiq  1  96.27000    -235.00    -116.00
20140228      DMA Buy  1  96.27000       0.00       0.00
20140605   RevLongLiq  1 100.55000     328.00     212.00
20140605    DMA Short  1 100.55000       0.00       0.00
20140616   RevShrtLiq  1 102.92000    -337.00    -125.00
20140616      DMA Buy  1 102.92000       0.00       0.00
20140804   RevLongLiq  1 100.13000    -379.00    -504.00
20140804    DMA Short  1 100.13000       0.00       0.00
20141031   RevShrtLiq  1  96.71000     242.00    -262.00
20141031      DMA Buy  1  96.71000       0.00       0.00
20141205   RevLongLiq  1  93.82000    -389.00    -651.00
20141205    DMA Short  1  93.82000       0.00       0.00
20150102   RevShrtLiq  1  92.83000      -1.00    -652.00
20150102      DMA Buy  1  92.83000       0.00       0.00
20150105   RevLongLiq  1  90.29000    -354.00   -1006.00
20150105    DMA Short  1  90.29000       0.00       0.00
20150212   RevShrtLiq  1  92.37000    -308.00   -1314.00
20150212      DMA Buy  1  92.37000       0.00       0.00
20150224   RevLongLiq  1  89.42000    -395.00   -1709.00
20150224    DMA Short  1  89.42000       0.00       0.00
20150417   RevShrtLiq  1  86.93000     149.00   -1560.00
20150417      DMA Buy  1  86.93000       0.00       0.00
20150526   RevLongLiq  1  85.35000    -258.00   -1818.00
20150526    DMA Short  1  85.35000       0.00       0.00
20151006   RevShrtLiq  1  77.89000     646.00   -1172.00
20151006      DMA Buy  1  77.89000       0.00       0.00
20151120   RevLongLiq  1  79.79000      90.00   -1082.00
20151120    DMA Short  1  79.79000       0.00       0.00
20160205   RevShrtLiq  1  80.08000    -129.00   -1211.00
20160205      DMA Buy  1  80.08000       0.00       0.00
20160428        L-EOD  1  88.03000     695.00    -516.00
