Testing from : 20080520 to: 20160429
---------------------------------------------------------------------------------
SysName         Market TotProfit  MaxDD ClsTrdDD AvgWin AvgLoss PerWins TotTrades
DualMoving      aapl.csv       101   5198    4567    194    -352    1.29        66
DualMoving      dbc.csv     -6236   8682    8410     42    -162    1.16        73
DualMoving      fb.csv     -5766   7580    6858    137    -446    1.25        36
DualMoving      gdx.csv       -61   2870    2378    112    -187    1.23        30
DualMoving      goog.csv     10712  16264   12208   1005   -1627    1.34        38
DualMoving      ivm.csv     -1359   5403    4527    122    -301    1.31        32
DualMoving      msft.csv     -2863   3153    2963     65    -277    1.30        27
DualMoving      qqq.csv     -3440   6568    5933    105    -387    1.33        30
DualMoving      slv.csv     -3646   4415    4024     31    -178    1.18        34
DualMoving      spy.csv     -5866  11510   10099    124    -449    1.28        36
DualMoving      twtr.csv      1467   2526    1336    206    -317    1.38        16
DualMoving      uso.csv       457   1474    1300    110    -160    1.25        20
DualMoving      vxx.csv     -2750   4956    3666    125    -467    1.29        17
DualMoving      xom.csv      -416   2709    2030     94    -278    1.41        17
---------------------------------------------------------------------------------
Totals                    -19666  51020
-------------------------------------------------------------------
Combined Monthly Return
Date         Profit Cum.Profit
-------------------------------------------------------------------
20080530        -20        -20
20080630        419        399
20080731       -359         40
20080829       -267       -227
20080930        753        526
20081031        937       1463
20081128        527       1990
20081231       -225       1765
20090130       -473       1292
20090227       -178       1114
20090331       -539        575
20090430        118        693
20090529        109        802
20090630         34        836
20090731        -61        775
20090831        -24        751
20090930         92        843
20091030       -122        721
20091130        270        991
20091231      -1060        -69
20100129       -371       -440
20100226       -297       -737
20100331       -185       -922
20100430        201       -721
20100528       -678      -1399
20100630      -1190      -2589
20100730       -142      -2731
20100831       -379      -3110
20100930       -186      -3296
20101029        353      -2943
20101130        -44      -2987
20101231         53      -2934
20110131        337      -2597
20110228        318      -2279
20110331       -484      -2763
20110429        112      -2651
20110531       -692      -3343
20110630       -139      -3482
20110729        -35      -3517
20110831      -1022      -4539
20110930         64      -4475
20111031      -1653      -6128
20111130       -661      -6789
20111230       -644      -7433
20120131        584      -6849
20120229       1377      -5472
20120330        664      -4808
20120430        459      -4349
20120531       2659      -1690
20120629       -727      -2417
20120731       4775       2358
20120831       4359       6717
20120928       3858      10575
20121031      -4717       5858
20121130      -1230       4628
20121231       2077       6705
20130131       5399      12104
20130228       2304      14408
20130328        -95      14313
20130430       -440      13873
20130531       2909      16782
20130628      -1567      15215
20130731      -3535      11680
20130830       2504      14184
20130930      -4905       9279
20131031      -7262       2017
20131129       3606       5623
20131231       6001      11624
20140131       -198      11426
20140228      -3075       8351
20140331      -2102       6249
20140430       2699       8948
20140530      -3752       5196
20140630       2662       7858
20140731      -2451       5407
20140829      -4313       1094
20140930         69       1163
20141031      -4428      -3265
20141128       3428        163
20141231      -2922      -2759
20150130        909      -1850
20150227       1269       -581
20150331       -642      -1223
20150430      -5202      -6425
20150529      -4098     -10523
20150630      -3425     -13948
20150731        679     -13269
20150831      -4172     -17441
20150930      -6003     -23444
20151030       1045     -22399
20151130       3000     -19399
20151231        271     -19128
20160129      -4329     -23457
20160229       3548     -19909
20160331       7691     -12218
20160429      -7448     -19666
