------------------------------
Sys Name : XavgCross
Mkt Symb : aapl.csv
20120508     Xavg Buy  1  81.17000       0.00       0.00
20120508   RevLongLiq  1  81.17000    -100.00    -100.00
20120508   Xavg Short  1  81.17000       0.00       0.00
20120509   RevShrtLiq  1  81.31000    -114.00    -214.00
20120509     Xavg Buy  1  81.31000       0.00       0.00
20120511   RevLongLiq  1  80.96000    -135.00    -349.00
20120511   Xavg Short  1  80.96000       0.00       0.00
20120523   RevShrtLiq  1  81.51000    -155.00    -504.00
20120523     Xavg Buy  1  81.51000       0.00       0.00
20120524   RevLongLiq  1  80.76000    -175.00    -679.00
20120524   Xavg Short  1  80.76000       0.00       0.00
20120529   RevShrtLiq  1  81.75000    -199.00    -878.00
20120529     Xavg Buy  1  81.75000       0.00       0.00
20120601   RevLongLiq  1  80.14000    -261.00   -1139.00
20120601   Xavg Short  1  80.14000       0.00       0.00
20120606   RevShrtLiq  1  81.64000    -250.00   -1389.00
20120606     Xavg Buy  1  81.64000       0.00       0.00
20120625   L-BollExit  1  81.54000    -110.00   -1499.00
20120626     Xavg Buy  1  81.72000       0.00       0.00
20121031   RevLongLiq  1  85.05000     233.00   -1266.00
20121031   Xavg Short  1  85.05000       0.00       0.00
20130814   RevShrtLiq  1  71.21000    1284.00      18.00
20130814     Xavg Buy  1  71.21000       0.00       0.00
20130827   L-BollExit  1  69.80000    -241.00    -223.00
20130827   Xavg Short  1  69.80000       0.00       0.00
20130904   RevShrtLiq  1  71.24000    -244.00    -467.00
20130904     Xavg Buy  1  71.24000       0.00       0.00
20130905   RevLongLiq  1  70.75000    -149.00    -616.00
20130905   Xavg Short  1  70.75000       0.00       0.00
20130906   RevShrtLiq  1  71.17000    -142.00    -758.00
20130906     Xavg Buy  1  71.17000       0.00       0.00
20130910   RevLongLiq  1  70.66000    -151.00    -909.00
20130910   Xavg Short  1  70.66000       0.00       0.00
20131014   RevShrtLiq  1  70.86000    -120.00   -1029.00
20131014     Xavg Buy  1  70.86000       0.00       0.00
20140128   RevLongLiq  1  72.36000      50.00    -979.00
20140128   Xavg Short  1  72.36000       0.00       0.00
20140205   RevShrtLiq  1  73.23000    -187.00   -1166.00
20140205     Xavg Buy  1  73.23000       0.00       0.00
20150821   RevLongLiq  1 105.76000    3153.00    1987.00
20150821   Xavg Short  1 105.76000       0.00       0.00
20150827   RevShrtLiq  1 112.92000    -816.00    1171.00
20150827     Xavg Buy  1 112.92000       0.00       0.00
20150901   RevLongLiq  1 107.72000    -620.00     551.00
20150901   Xavg Short  1 107.72000       0.00       0.00
20150910   RevShrtLiq  1 112.57000    -585.00     -34.00
20150910     Xavg Buy  1 112.57000       0.00       0.00
20150928   L-BollExit  1 112.44000    -113.00    -147.00
20150928   Xavg Short  1 112.44000       0.00       0.00
20151020   RevShrtLiq  1 113.77000    -233.00    -380.00
20151020     Xavg Buy  1 113.77000       0.00       0.00
20151113   L-BollExit  1 112.34000    -243.00    -623.00
20151113   Xavg Short  1 112.34000       0.00       0.00
20151116   RevShrtLiq  1 114.18000    -284.00    -907.00
20151116     Xavg Buy  1 114.18000       0.00       0.00
20151211   L-BollExit  1 113.18000    -200.00   -1107.00
20151211   Xavg Short  1 113.18000       0.00       0.00
20160330   RevShrtLiq  1 109.56000     262.00    -845.00
20160330     Xavg Buy  1 109.56000       0.00       0.00
20160407   RevLongLiq  1 108.54000    -202.00   -1047.00
20160407   Xavg Short  1 108.54000       0.00       0.00
20160411   RevShrtLiq  1 109.02000    -148.00   -1195.00
20160411     Xavg Buy  1 109.02000       0.00       0.00
20160418   RevLongLiq  1 107.48000    -254.00   -1449.00
20160418   Xavg Short  1 107.48000       0.00       0.00
20160428        S-EOD  1  94.83000    1165.00    -284.00
------------------------------
Sys Name : XavgCross
Mkt Symb : amzn.csv
20150901     Xavg Buy  1 496.54001       0.00       0.00
20150929   L-BollExit  1 496.07001    -147.00    -431.00
20150930     Xavg Buy  1 511.89002       0.00       0.00
20160205   L-BollExit  1 502.13000   -1076.00   -1507.00
------------------------------
Sys Name : XavgCross
Mkt Symb : dbc.csv
20120508   Xavg Short  1  27.08000       0.00       0.00
20120718    S-TimeExi  1  27.30000    -122.00   -1629.00
20120719   Xavg Short  1  27.63000       0.00       0.00
20120806    S-TimeExi  1  27.68000    -105.00   -1734.00
20120807   Xavg Short  1  27.89000       0.00       0.00
20120820    S-TimeExi  1  28.38000    -149.00   -1883.00
20120821   Xavg Short  1  28.64000       0.00       0.00
20120904    S-TimeExi  1  28.80000    -116.00   -1999.00
20120905   Xavg Short  1  28.66000       0.00       0.00
20120918    S-TimeExi  1  28.70000    -104.00   -2103.00
20120919   Xavg Short  1  28.28000       0.00       0.00
20121002    S-TimeExi  1  28.57000    -129.00   -2232.00
20121003   Xavg Short  1  28.08000       0.00       0.00
20121016    S-TimeExi  1  28.43000    -135.00   -2367.00
20121017   Xavg Short  1  28.44000       0.00       0.00
20130130    S-TimeExi  1  28.48000    -104.00   -2471.00
20130131   Xavg Short  1  28.47000       0.00       0.00
20130213    S-TimeExi  1  28.51000    -104.00   -2575.00
20130214   Xavg Short  1  28.47000       0.00       0.00
20160428        S-EOD  1  14.44000    1303.00   -1272.00
------------------------------
Sys Name : XavgCross
Mkt Symb : fb.csv
20120521     Xavg Buy  1  34.03000       0.00       0.00
20120604   L-BollExit  1  26.90000    -813.00   -2085.00
20120605     Xavg Buy  1  25.87000       0.00       0.00
20120727   L-BollExit  1  23.71000    -316.00   -2401.00
20120730     Xavg Buy  1  23.15000       0.00       0.00
20120731   RevLongLiq  1  21.71000    -244.00   -2645.00
20120731   Xavg Short  1  21.71000       0.00       0.00
20120806   RevShrtLiq  1  21.92000    -121.00   -2766.00
20120806     Xavg Buy  1  21.92000       0.00       0.00
20120807   RevLongLiq  1  20.72000    -220.00   -2986.00
20120807   Xavg Short  1  20.72000       0.00       0.00
20120810   RevShrtLiq  1  21.81000    -209.00   -3195.00
20120810     Xavg Buy  1  21.81000       0.00       0.00
20120813   RevLongLiq  1  21.60000    -121.00   -3316.00
20120813   Xavg Short  1  21.60000       0.00       0.00
20120914   RevShrtLiq  1  22.00000    -140.00   -3456.00
20120914     Xavg Buy  1  22.00000       0.00       0.00
20120924   RevLongLiq  1  20.79000    -221.00   -3677.00
20120924   Xavg Short  1  20.79000       0.00       0.00
20120928   RevShrtLiq  1  21.66000    -187.00   -3864.00
20120928     Xavg Buy  1  21.66000       0.00       0.00
20121005   RevLongLiq  1  20.91000    -175.00   -4039.00
20121005   Xavg Short  1  20.91000       0.00       0.00
20121024   RevShrtLiq  1  23.23000    -332.00   -4371.00
20121024     Xavg Buy  1  23.23000       0.00       0.00
20121031   RevLongLiq  1  21.11000    -312.00   -4683.00
20121031   Xavg Short  1  21.11000       0.00       0.00
20121114   RevShrtLiq  1  22.36000    -225.00   -4908.00
20121114     Xavg Buy  1  22.36000       0.00       0.00
20130524   RevLongLiq  1  24.31000      95.00   -4813.00
20130524   Xavg Short  1  24.31000       0.00       0.00
20130610    S-TimeExi  1  24.33000    -102.00   -4915.00
20130611   Xavg Short  1  24.03000       0.00       0.00
20130625    S-TimeExi  1  24.25000    -122.00   -5037.00
20130626   Xavg Short  1  24.16000       0.00       0.00
20130627   RevShrtLiq  1  24.66000    -150.00   -5187.00
20130627     Xavg Buy  1  24.66000       0.00       0.00
20130702   RevLongLiq  1  24.41000    -125.00   -5312.00
20130702   Xavg Short  1  24.41000       0.00       0.00
20130708   RevShrtLiq  1  24.71000    -130.00   -5442.00
20130708     Xavg Buy  1  24.71000       0.00       0.00
20160428        L-EOD  1 116.73000    9102.00    3660.00
------------------------------
Sys Name : XavgCross
Mkt Symb : gdx.csv
20120521   Xavg Short  1  43.01000       0.00       0.00
20120604    S-TimeExi  1  47.33000    -532.00    3128.00
20120605   Xavg Short  1  47.53000       0.00       0.00
20120618    S-TimeExi  1  47.73000    -120.00    3008.00
20120619   Xavg Short  1  47.68000       0.00       0.00
20120831    S-TimeExi  1  47.94000    -126.00    2882.00
20120904   Xavg Short  1  47.77000       0.00       0.00
20120917    S-TimeExi  1  53.89000    -712.00    2170.00
20120918   Xavg Short  1  54.32000       0.00       0.00
20160208   RevShrtLiq  1  17.47000    3585.00    5755.00
20160208     Xavg Buy  1  17.47000       0.00       0.00
20160209   RevLongLiq  1  16.75000    -172.00    5583.00
20160209   Xavg Short  1  16.75000       0.00       0.00
20160211   RevShrtLiq  1  18.37000    -262.00    5321.00
20160211     Xavg Buy  1  18.37000       0.00       0.00
20160216   RevLongLiq  1  17.21000    -216.00    5105.00
20160216   Xavg Short  1  17.21000       0.00       0.00
20160217   RevShrtLiq  1  17.82000    -161.00    4944.00
20160217     Xavg Buy  1  17.82000       0.00       0.00
20160428        L-EOD  1  24.28000     546.00    5490.00
------------------------------
Sys Name : XavgCross
Mkt Symb : goog.csv
20120521     Xavg Buy  1 307.06000       0.00       0.00
20120604   L-BollExit  1 289.30000   -1876.00    3614.00
20120605     Xavg Buy  1 285.20000       0.00       0.00
20120621   L-BollExit  1 282.61000    -359.00    3255.00
20120622     Xavg Buy  1 285.74000       0.00       0.00
20120711   L-BollExit  1 285.60000    -114.00    3141.00
20120712     Xavg Buy  1 285.24000       0.00       0.00
20141017   RevLongLiq  1 511.17000   22493.00   25634.00
20141017   Xavg Short  1 511.17000       0.00       0.00
20141021   RevShrtLiq  1 526.54000   -1637.00   23997.00
20141021     Xavg Buy  1 526.54000       0.00       0.00
20141205   L-BollExit  1 525.26000    -228.00   23769.00
20141205   Xavg Short  1 525.26000       0.00       0.00
20141208   RevShrtLiq  1 526.98000    -272.00   23497.00
20141208     Xavg Buy  1 526.98000       0.00       0.00
20141210   RevLongLiq  1 526.06000    -192.00   23305.00
20141210   Xavg Short  1 526.06000       0.00       0.00
20141211   RevShrtLiq  1 528.34000    -328.00   22977.00
20141211     Xavg Buy  1 528.34000       0.00       0.00
20141212   RevLongLiq  1 518.66000   -1068.00   21909.00
20141212   Xavg Short  1 518.66000       0.00       0.00
20141223   RevShrtLiq  1 530.59000   -1293.00   20616.00
20141223     Xavg Buy  1 530.59000       0.00       0.00
20141231   RevLongLiq  1 526.40000    -519.00   20097.00
20141231   Xavg Short  1 526.40000       0.00       0.00
20150122   RevShrtLiq  1 534.39000    -899.00   19198.00
20150122     Xavg Buy  1 534.39000       0.00       0.00
20150127   RevLongLiq  1 518.63000   -1676.00   17522.00
20150127   Xavg Short  1 518.63000       0.00       0.00
20150130   RevShrtLiq  1 534.52000   -1689.00   15833.00
20150130     Xavg Buy  1 534.52000       0.00       0.00
20150204   RevLongLiq  1 522.76000   -1276.00   14557.00
20150204   Xavg Short  1 522.76000       0.00       0.00
20150205   RevShrtLiq  1 527.58000    -582.00   13975.00
20150205     Xavg Buy  1 527.58000       0.00       0.00
20150414   RevLongLiq  1 530.39000     181.00   14156.00
20150414   Xavg Short  1 530.39000       0.00       0.00
20150415   RevShrtLiq  1 532.53000    -314.00   13842.00
20150415     Xavg Buy  1 532.53000       0.00       0.00
20150417   RevLongLiq  1 524.05000    -948.00   12894.00
20150417   Xavg Short  1 524.05000       0.00       0.00
20150420   RevShrtLiq  1 535.38000   -1233.00   11661.00
20150420     Xavg Buy  1 535.38000       0.00       0.00
20150505   L-BollExit  1 530.80000    -558.00   11103.00
20150505   Xavg Short  1 530.80000       0.00       0.00
20150508   RevShrtLiq  1 538.22000    -842.00   10261.00
20150508     Xavg Buy  1 538.22000       0.00       0.00
20150512   RevLongLiq  1 529.04000   -1018.00    9243.00
20150512   Xavg Short  1 529.04000       0.00       0.00
20150514   RevShrtLiq  1 538.40000   -1036.00    8207.00
20150514     Xavg Buy  1 538.40000       0.00       0.00
20150529   L-BollExit  1 532.11000    -729.00    7478.00
20150529   Xavg Short  1 532.11000       0.00       0.00
20150601   RevShrtLiq  1 533.99000    -288.00    7190.00
20150601     Xavg Buy  1 533.99000       0.00       0.00
20150608   RevLongLiq  1 526.83000    -816.00    6374.00
20150608   Xavg Short  1 526.83000       0.00       0.00
20150610   RevShrtLiq  1 536.69000   -1086.00    5288.00
20150610     Xavg Buy  1 536.69000       0.00       0.00
20150612   RevLongLiq  1 532.33000    -536.00    4752.00
20150612   Xavg Short  1 532.33000       0.00       0.00
20150618   RevShrtLiq  1 536.73000    -540.00    4212.00
20150618     Xavg Buy  1 536.73000       0.00       0.00
20150626   RevLongLiq  1 531.69000    -604.00    3608.00
20150626   Xavg Short  1 531.69000       0.00       0.00
20150713   RevShrtLiq  1 546.55000   -1586.00    2022.00
20150713     Xavg Buy  1 546.55000       0.00       0.00
20160428        L-EOD  1 691.02000   14347.00   16369.00
------------------------------
Sys Name : XavgCross
Mkt Symb : ivm.csv
20120521   Xavg Short  1  76.45000       0.00       0.00
20120608    S-TimeExi  1  76.97000    -152.00   16217.00
20120611   Xavg Short  1  75.27000       0.00       0.00
20120622    S-TimeExi  1  77.49000    -322.00   15895.00
20120625   Xavg Short  1  76.28000       0.00       0.00
20120709    S-TimeExi  1  80.22000    -494.00   15401.00
20120710   Xavg Short  1  79.33000       0.00       0.00
20120807    S-TimeExi  1  79.94000    -161.00   15240.00
20120808   Xavg Short  1  79.82000       0.00       0.00
20120821    S-TimeExi  1  81.48000    -266.00   14974.00
20120822   Xavg Short  1  81.09000       0.00       0.00
20120905    S-TimeExi  1  82.13000    -204.00   14770.00
20120906   Xavg Short  1  83.64000       0.00       0.00
20120919    S-TimeExi  1  85.57000    -293.00   14477.00
20120920   Xavg Short  1  85.19000       0.00       0.00
20130102    S-TimeExi  1  86.80000    -261.00   14216.00
20130103   Xavg Short  1  86.60000       0.00       0.00
20130116    S-TimeExi  1  87.51000    -191.00   14025.00
20130117   Xavg Short  1  88.32000       0.00       0.00
20130131    S-TimeExi  1  89.58000    -226.00   13799.00
20130201   Xavg Short  1  90.37000       0.00       0.00
20130214    S-TimeExi  1  91.71000    -234.00   13565.00
20130215   Xavg Short  1  91.74000       0.00       0.00
20130305    S-TimeExi  1  92.19000    -145.00   13420.00
20130306   Xavg Short  1  92.43000       0.00       0.00
20130319    S-TimeExi  1  93.83000    -240.00   13180.00
20130320   Xavg Short  1  94.70000       0.00       0.00
20130503    S-TimeExi  1  94.76000    -106.00   13074.00
20130506   Xavg Short  1  95.37000       0.00       0.00
20130517    S-TimeExi  1  99.05000    -468.00   12606.00
20130520   Xavg Short  1  99.21000       0.00       0.00
20130618    S-TimeExi  1  99.51000    -130.00   12476.00
20130619   Xavg Short  1  98.29000       0.00       0.00
20130703    S-TimeExi  1  98.30000    -101.00   12375.00
20130705   Xavg Short  1  99.67000       0.00       0.00
20130718    S-TimeExi  1 104.15000    -548.00   11827.00
20130719   Xavg Short  1 104.31000       0.00       0.00
20130801    S-TimeExi  1 105.07000    -176.00   11651.00
20130802   Xavg Short  1 105.16000       0.00       0.00
20130917    S-TimeExi  1 106.08000    -192.00   11459.00
20130918   Xavg Short  1 107.09000       0.00       0.00
20131001    S-TimeExi  1 107.85000    -176.00   11283.00
20131002   Xavg Short  1 107.41000       0.00       0.00
20131016    S-TimeExi  1 108.49000    -208.00   11075.00
20131017   Xavg Short  1 109.44000       0.00       0.00
20131030    S-TimeExi  1 109.83000    -139.00   10936.00
20131031   Xavg Short  1 109.19000       0.00       0.00
20131113    S-TimeExi  1 110.52000    -233.00   10703.00
20131114   Xavg Short  1 110.41000       0.00       0.00
20131127    S-TimeExi  1 113.45000    -404.00   10299.00
20131129   Xavg Short  1 113.48000       0.00       0.00
20131220    S-TimeExi  1 113.93000    -145.00   10154.00
20131223   Xavg Short  1 114.78000       0.00       0.00
20140108    S-TimeExi  1 114.86000    -108.00   10046.00
20140109   Xavg Short  1 114.89000       0.00       0.00
20140123    S-TimeExi  1 116.42000    -253.00    9793.00
20140124   Xavg Short  1 113.45000       0.00       0.00
20140213    S-TimeExi  1 113.90000    -145.00    9648.00
20140214   Xavg Short  1 114.06000       0.00       0.00
20140228    S-TimeExi  1 117.52000    -446.00    9202.00
20140303   Xavg Short  1 116.89000       0.00       0.00
20140314    S-TimeExi  1 117.54000    -165.00    9037.00
20140317   Xavg Short  1 118.06000       0.00       0.00
20140402    S-TimeExi  1 118.40000    -134.00    8903.00
20140403   Xavg Short  1 117.20000       0.00       0.00
20140618    S-TimeExi  1 117.76000    -156.00    8747.00
20140619   Xavg Short  1 117.86000       0.00       0.00
20140702    S-TimeExi  1 119.10000    -224.00    8523.00
20140703   Xavg Short  1 119.82000       0.00       0.00
20141223    S-TimeExi  1 119.86000    -104.00    8419.00
20141224   Xavg Short  1 119.76000       0.00       0.00
20141229   RevShrtLiq  1 121.05000    -229.00    8190.00
20141229     Xavg Buy  1 121.05000       0.00       0.00
20141230   RevLongLiq  1 120.34000    -171.00    8019.00
20141230   Xavg Short  1 120.34000       0.00       0.00
20150212   RevShrtLiq  1 120.81000    -147.00    7872.00
20150212     Xavg Buy  1 120.81000       0.00       0.00
20150310   L-BollExit  1 120.30000    -151.00    7721.00
20150310   Xavg Short  1 120.30000       0.00       0.00
20150311   RevShrtLiq  1 121.04000    -174.00    7547.00
20150311     Xavg Buy  1 121.04000       0.00       0.00
20150430   RevLongLiq  1 121.18000     -86.00    7461.00
20150430   Xavg Short  1 121.18000       0.00       0.00
20150501   RevShrtLiq  1 121.97000    -179.00    7282.00
20150501     Xavg Buy  1 121.97000       0.00       0.00
20150505   RevLongLiq  1 120.85000    -212.00    7070.00
20150505   Xavg Short  1 120.85000       0.00       0.00
20150506   RevShrtLiq  1 121.27000    -142.00    6928.00
20150506     Xavg Buy  1 121.27000       0.00       0.00
20150708   RevLongLiq  1 121.99000     -28.00    6900.00
20150708   Xavg Short  1 121.99000       0.00       0.00
20150709   RevShrtLiq  1 122.43000    -144.00    6756.00
20150709     Xavg Buy  1 122.43000       0.00       0.00
20150724   L-BollExit  1 121.58000    -185.00    6571.00
20150724   Xavg Short  1 121.58000       0.00       0.00
20150731   RevShrtLiq  1 122.96000    -238.00    6333.00
20150731     Xavg Buy  1 122.96000       0.00       0.00
20150804   RevLongLiq  1 122.06000    -190.00    6143.00
20150804   Xavg Short  1 122.06000       0.00       0.00
20150805   RevShrtLiq  1 122.34000    -128.00    6015.00
20150805     Xavg Buy  1 122.34000       0.00       0.00
20150806   RevLongLiq  1 120.69000    -265.00    5750.00
20150806   Xavg Short  1 120.69000       0.00       0.00
20151201   RevShrtLiq  1 119.89000     -20.00    5730.00
20151201     Xavg Buy  1 119.89000       0.00       0.00
20151202   RevLongLiq  1 118.60000    -229.00    5501.00
20151202   Xavg Short  1 118.60000       0.00       0.00
20160422   RevShrtLiq  1 114.11000     349.00    5850.00
20160422     Xavg Buy  1 114.11000       0.00       0.00
20160425   RevLongLiq  1 113.30000    -181.00    5669.00
20160425   Xavg Short  1 113.30000       0.00       0.00
20160426   RevShrtLiq  1 114.41000    -211.00    5458.00
20160426     Xavg Buy  1 114.41000       0.00       0.00
20160428   RevLongLiq  1 113.50000    -191.00    5267.00
20160428   Xavg Short  1 113.50000       0.00       0.00
20160428        S-EOD  1 113.50000    -100.00    5167.00
------------------------------
Sys Name : XavgCross
Mkt Symb : msft.csv
20120521   Xavg Short  1  29.75000       0.00       0.00
20120615    S-TimeExi  1  30.02000    -127.00    5040.00
20120618   Xavg Short  1  29.84000       0.00       0.00
20120629    S-TimeExi  1  30.59000    -175.00    4865.00
20120702   Xavg Short  1  30.56000       0.00       0.00
20120719    S-TimeExi  1  30.67000    -111.00    4754.00
20120720   Xavg Short  1  30.12000       0.00       0.00
20120807    S-TimeExi  1  30.26000    -114.00    4640.00
20120808   Xavg Short  1  30.33000       0.00       0.00
20120821    S-TimeExi  1  30.80000    -147.00    4493.00
20120822   Xavg Short  1  30.54000       0.00       0.00
20120906    S-TimeExi  1  31.35000    -181.00    4312.00
20120907   Xavg Short  1  30.95000       0.00       0.00
20120920    S-TimeExi  1  31.45000    -150.00    4162.00
20120921   Xavg Short  1  31.19000       0.00       0.00
20130424    S-TimeExi  1  31.76000    -157.00    4005.00
20130425   Xavg Short  1  31.94000       0.00       0.00
20130508    S-TimeExi  1  32.99000    -205.00    3800.00
20130509   Xavg Short  1  32.66000       0.00       0.00
20130522    S-TimeExi  1  34.61000    -295.00    3505.00
20130523   Xavg Short  1  34.15000       0.00       0.00
20130606    S-TimeExi  1  34.96000    -181.00    3324.00
20130607   Xavg Short  1  35.67000       0.00       0.00
20130711    S-TimeExi  1  35.69000    -102.00    3222.00
20130712   Xavg Short  1  35.67000       0.00       0.00
20131025    S-TimeExi  1  35.73000    -106.00    3116.00
20131028   Xavg Short  1  35.57000       0.00       0.00
20131108    S-TimeExi  1  37.78000    -321.00    2795.00
20131111   Xavg Short  1  37.59000       0.00       0.00
20131125    S-TimeExi  1  37.64000    -105.00    2690.00
20131126   Xavg Short  1  37.35000       0.00       0.00
20131210    S-TimeExi  1  38.11000    -176.00    2514.00
20131211   Xavg Short  1  37.61000       0.00       0.00
20140131    S-TimeExi  1  37.84000    -123.00    2391.00
20140203   Xavg Short  1  36.48000       0.00       0.00
20140214    S-TimeExi  1  37.62000    -214.00    2177.00
20140218   Xavg Short  1  37.42000       0.00       0.00
20140303    S-TimeExi  1  37.78000    -136.00    2041.00
20140304   Xavg Short  1  38.41000       0.00       0.00
20140318   RevShrtLiq  1  39.55000    -214.00    1827.00
20140318     Xavg Buy  1  39.55000       0.00       0.00
20140410   L-BollExit  1  39.36000    -119.00    1708.00
20140411     Xavg Buy  1  39.21000       0.00       0.00
20140506   L-BollExit  1  39.06000    -115.00    1593.00
20140507     Xavg Buy  1  39.43000       0.00       0.00
20150127   RevLongLiq  1  42.66000     223.00    1816.00
20150127   Xavg Short  1  42.66000       0.00       0.00
20150212    S-TimeExi  1  43.09000    -143.00    1673.00
20150213     Xavg Buy  1  43.87000       0.00       0.00
20150227   L-BollExit  1  43.85000    -102.00    1571.00
20150302     Xavg Buy  1  43.88000       0.00       0.00
20150303   RevLongLiq  1  43.28000    -160.00    1411.00
20150303   Xavg Short  1  43.28000       0.00       0.00
20150423   RevShrtLiq  1  43.34000    -106.00    1305.00
20150423     Xavg Buy  1  43.34000       0.00       0.00
20150821   L-BollExit  1  43.07000    -127.00    1178.00
20150821   Xavg Short  1  43.07000       0.00       0.00
20150903    S-TimeExi  1  43.50000    -143.00    1035.00
20150904   Xavg Short  1  42.61000       0.00       0.00
20150918    S-TimeExi  1  43.48000    -187.00     848.00
20150921   Xavg Short  1  44.11000       0.00       0.00
20151001   RevShrtLiq  1  44.61000    -150.00     698.00
20151001     Xavg Buy  1  44.61000       0.00       0.00
20160428        L-EOD  1  49.90000     429.00    1127.00
------------------------------
Sys Name : XavgCross
Mkt Symb : qqq.csv
20120521     Xavg Buy  1  62.14000       0.00       0.00
20120604   L-BollExit  1  60.50000    -264.00     863.00
20120605     Xavg Buy  1  60.75000       0.00       0.00
20150824   RevLongLiq  1  98.46000    3671.00    4534.00
20150824   Xavg Short  1  98.46000       0.00       0.00
20150826   RevShrtLiq  1 103.03000    -557.00    3977.00
20150826     Xavg Buy  1 103.03000       0.00       0.00
20150901   RevLongLiq  1 101.05000    -298.00    3679.00
20150901   Xavg Short  1 101.05000       0.00       0.00
20150902   RevShrtLiq  1 103.90000    -385.00    3294.00
20150902     Xavg Buy  1 103.90000       0.00       0.00
20150904   RevLongLiq  1 102.16000    -274.00    3020.00
20150904   Xavg Short  1 102.16000       0.00       0.00
20150908   RevShrtLiq  1 105.04000    -388.00    2632.00
20150908     Xavg Buy  1 105.04000       0.00       0.00
20150922   L-BollExit  1 104.10000    -194.00    2438.00
20150923     Xavg Buy  1 104.18000       0.00       0.00
20150928   RevLongLiq  1  99.99000    -519.00    1919.00
20150928   Xavg Short  1  99.99000       0.00       0.00
20151002   RevShrtLiq  1 104.01000    -502.00    1417.00
20151002     Xavg Buy  1 104.01000       0.00       0.00
20160107   RevLongLiq  1 104.87000     -14.00    1403.00
20160107   Xavg Short  1 104.87000       0.00       0.00
20160301   RevShrtLiq  1 105.79000    -192.00    1211.00
20160301     Xavg Buy  1 105.79000       0.00       0.00
20160308   RevLongLiq  1 104.15000    -264.00     947.00
20160308   Xavg Short  1 104.15000       0.00       0.00
20160311   RevShrtLiq  1 106.49000    -334.00     613.00
20160311     Xavg Buy  1 106.49000       0.00       0.00
20160428   L-BollExit  1 106.28000    -121.00     492.00
------------------------------
Sys Name : XavgCross
Mkt Symb : slv.csv
20120522   Xavg Short  1  27.34000       0.00       0.00
20120605    S-TimeExi  1  27.72000    -138.00     354.00
20120606   Xavg Short  1  28.51000       0.00       0.00
20120822    S-TimeExi  1  28.92000    -141.00     213.00
20120823   Xavg Short  1  29.60000       0.00       0.00
20120906    S-TimeExi  1  31.67000    -307.00     -94.00
20120907   Xavg Short  1  32.64000       0.00       0.00
20120920    S-TimeExi  1  33.58000    -194.00    -288.00
20120921   Xavg Short  1  33.48000       0.00       0.00
20121004    S-TimeExi  1  33.93000    -145.00    -433.00
20121005   Xavg Short  1  33.45000       0.00       0.00
20160412   RevShrtLiq  1  15.41000    1704.00    1271.00
20160412     Xavg Buy  1  15.41000       0.00       0.00
20160429        L-EOD  1  16.98000      57.00    1328.00
------------------------------
Sys Name : XavgCross
Mkt Symb : spy.csv
20120521     Xavg Buy  1 131.97000       0.00       0.00
20120604   L-BollExit  1 128.10000    -487.00     841.00
20120605     Xavg Buy  1 129.07000       0.00       0.00
20150821   RevLongLiq  1 197.63000    6756.00    7597.00
20150821   Xavg Short  1 197.63000       0.00       0.00
20150915    S-TimeExi  1 198.46000    -183.00    7414.00
20150916   Xavg Short  1 200.18000       0.00       0.00
20151008   RevShrtLiq  1 201.21000    -203.00    7211.00
20151008     Xavg Buy  1 201.21000       0.00       0.00
20151014   RevLongLiq  1 199.29000    -292.00    6919.00
20151014   Xavg Short  1 199.29000       0.00       0.00
20151015   RevShrtLiq  1 202.35000    -406.00    6513.00
20151015     Xavg Buy  1 202.35000       0.00       0.00
20151211   L-BollExit  1 201.88000    -147.00    6366.00
20151214     Xavg Buy  1 202.90000       0.00       0.00
20151218   RevLongLiq  1 200.02000    -388.00    5978.00
20151218   Xavg Short  1 200.02000       0.00       0.00
20151222   RevShrtLiq  1 203.50000    -448.00    5530.00
20151222     Xavg Buy  1 203.50000       0.00       0.00
20160104   RevLongLiq  1 201.02000    -348.00    5182.00
20160104   Xavg Short  1 201.02000       0.00       0.00
20160303   RevShrtLiq  1 199.78000      24.00    5206.00
20160303     Xavg Buy  1 199.78000       0.00       0.00
20160308   RevLongLiq  1 198.40000    -238.00    4968.00
20160308   Xavg Short  1 198.40000       0.00       0.00
20160310   RevShrtLiq  1 199.54000    -214.00    4754.00
20160310     Xavg Buy  1 199.54000       0.00       0.00
20160428        L-EOD  1 207.45000     691.00    5445.00
------------------------------
Sys Name : XavgCross
Mkt Symb : twtr.csv
20131108   Xavg Short  1  41.65000       0.00       0.00
20131121    S-TimeExi  1  42.06000    -141.00    5304.00
20131122   Xavg Short  1  41.00000       0.00       0.00
20131206    S-TimeExi  1  44.95000    -495.00    4809.00
20131209   Xavg Short  1  49.14000       0.00       0.00
20131220    S-TimeExi  1  60.01000   -1187.00    3622.00
20131223   Xavg Short  1  64.54000       0.00       0.00
20140203    S-TimeExi  1  65.25000    -171.00    3451.00
20140204   Xavg Short  1  66.32000       0.00       0.00
20160428        S-EOD  1  14.64000    5068.00    8519.00
------------------------------
Sys Name : XavgCross
Mkt Symb : uso.csv
20131114     Xavg Buy  1  33.93000       0.00       0.00
20131127   L-BollExit  1  33.19000    -174.00    8345.00
20131129     Xavg Buy  1  33.47000       0.00       0.00
20140108   L-BollExit  1  33.16000    -131.00    8214.00
20140109     Xavg Buy  1  33.08000       0.00       0.00
20140819   RevLongLiq  1  34.71000      63.00    8277.00
20140819   Xavg Short  1  34.71000       0.00       0.00
20140821   RevShrtLiq  1  35.09000    -138.00    8139.00
20140821     Xavg Buy  1  35.09000       0.00       0.00
20140825   RevLongLiq  1  34.87000    -122.00    8017.00
20140825   Xavg Short  1  34.87000       0.00       0.00
20140826   RevShrtLiq  1  35.04000    -117.00    7900.00
20140826     Xavg Buy  1  35.04000       0.00       0.00
20140902   RevLongLiq  1  34.79000    -125.00    7775.00
20140902   Xavg Short  1  34.79000       0.00       0.00
20140903   RevShrtLiq  1  35.55000    -176.00    7599.00
20140903     Xavg Buy  1  35.55000       0.00       0.00
20140908   RevLongLiq  1  34.70000    -185.00    7414.00
20140908   Xavg Short  1  34.70000       0.00       0.00
20140916   RevShrtLiq  1  35.25000    -155.00    7259.00
20140916     Xavg Buy  1  35.25000       0.00       0.00
20140918   RevLongLiq  1  34.62000    -163.00    7096.00
20140918   Xavg Short  1  34.62000       0.00       0.00
20140924   RevShrtLiq  1  35.00000    -138.00    6958.00
20140924     Xavg Buy  1  35.00000       0.00       0.00
20140925   RevLongLiq  1  34.83000    -117.00    6841.00
20140925   Xavg Short  1  34.83000       0.00       0.00
20140926   RevShrtLiq  1  35.16000    -133.00    6708.00
20140926     Xavg Buy  1  35.16000       0.00       0.00
20140930   RevLongLiq  1  34.41000    -175.00    6533.00
20140930   Xavg Short  1  34.41000       0.00       0.00
20160429        S-EOD  1  11.40000    2201.00    8734.00
------------------------------
Sys Name : XavgCross
Mkt Symb : vxx.csv
20131108     Xavg Buy  1  48.62000       0.00       0.00
20131121   L-BollExit  1  45.12000    -450.00    8284.00
20131122     Xavg Buy  1  44.45000       0.00       0.00
20131218   L-BollExit  1  43.88000    -157.00    8127.00
20131219     Xavg Buy  1  44.33000       0.00       0.00
20140103   L-BollExit  1  43.16000    -217.00    7910.00
20140106     Xavg Buy  1  42.73000       0.00       0.00
20140117   L-BollExit  1  41.13000    -260.00    7650.00
20140121     Xavg Buy  1  40.58000       0.00       0.00
20140429   L-BollExit  1  40.20000    -138.00    7512.00
20140430     Xavg Buy  1  40.25000       0.00       0.00
20140513   L-BollExit  1  37.24000    -401.00    7111.00
20140514     Xavg Buy  1  37.03000       0.00       0.00
20140528   L-BollExit  1  33.78000    -425.00    6686.00
20140529     Xavg Buy  1  33.64000       0.00       0.00
20140606   RevLongLiq  1  30.35000    -429.00    6257.00
20140606   Xavg Short  1  30.35000       0.00       0.00
20140612   RevShrtLiq  1  32.37000    -302.00    5955.00
20140612     Xavg Buy  1  32.37000       0.00       0.00
20140617   RevLongLiq  1  30.67000    -270.00    5685.00
20140617   Xavg Short  1  30.67000       0.00       0.00
20140731   RevShrtLiq  1  31.54000    -187.00    5498.00
20140731     Xavg Buy  1  31.54000       0.00       0.00
20140813   L-BollExit  1  29.89000    -265.00    5233.00
20140813   Xavg Short  1  29.89000       0.00       0.00
20140925   RevShrtLiq  1  30.32000    -143.00    5090.00
20140925     Xavg Buy  1  30.32000       0.00       0.00
20140926   RevLongLiq  1  29.37000    -195.00    4895.00
20140926   Xavg Short  1  29.37000       0.00       0.00
20140929   RevShrtLiq  1  30.81000    -244.00    4651.00
20140929     Xavg Buy  1  30.81000       0.00       0.00
20141003   RevLongLiq  1  29.62000    -219.00    4432.00
20141003   Xavg Short  1  29.62000       0.00       0.00
20141007   RevShrtLiq  1  32.27000    -365.00    4067.00
20141007     Xavg Buy  1  32.27000       0.00       0.00
20141008   RevLongLiq  1  29.55000    -372.00    3695.00
20141008   Xavg Short  1  29.55000       0.00       0.00
20141009   RevShrtLiq  1  32.21000    -366.00    3329.00
20141009     Xavg Buy  1  32.21000       0.00       0.00
20141028   L-BollExit  1  30.50000    -271.00    3058.00
20141028   Xavg Short  1  30.50000       0.00       0.00
20141029   RevShrtLiq  1  31.02000    -152.00    2906.00
20141029     Xavg Buy  1  31.02000       0.00       0.00
20141031   RevLongLiq  1  30.32000    -170.00    2736.00
20141031   Xavg Short  1  30.32000       0.00       0.00
20141103   RevShrtLiq  1  30.81000    -149.00    2587.00
20141103     Xavg Buy  1  30.81000       0.00       0.00
20141104   RevLongLiq  1  30.62000    -119.00    2468.00
20141104   Xavg Short  1  30.62000       0.00       0.00
20141211   RevShrtLiq  1  32.14000    -252.00    2216.00
20141211     Xavg Buy  1  32.14000       0.00       0.00
20141218   RevLongLiq  1  30.17000    -297.00    1919.00
20141218   Xavg Short  1  30.17000       0.00       0.00
20141231   RevShrtLiq  1  31.51000    -234.00    1685.00
20141231     Xavg Buy  1  31.51000       0.00       0.00
20150122   L-BollExit  1  31.30000    -121.00    1564.00
20150123     Xavg Buy  1  32.10000       0.00       0.00
20150212   L-BollExit  1  31.35000    -175.00    1389.00
20150213     Xavg Buy  1  30.97000       0.00       0.00
20150218   RevLongLiq  1  30.81000    -116.00    1273.00
20150218   Xavg Short  1  30.81000       0.00       0.00
20150825   RevShrtLiq  1  26.58000     323.00    1596.00
20150825     Xavg Buy  1  26.58000       0.00       0.00
20150826   RevLongLiq  1  24.12000    -346.00    1250.00
20150826   Xavg Short  1  24.12000       0.00       0.00
20150828   RevShrtLiq  1  25.84000    -272.00     978.00
20150828     Xavg Buy  1  25.84000       0.00       0.00
20150915   L-BollExit  1  23.50000    -334.00     644.00
20150915   Xavg Short  1  23.50000       0.00       0.00
20150925   RevShrtLiq  1  25.09000    -259.00     385.00
20150925     Xavg Buy  1  25.09000       0.00       0.00
20151002   RevLongLiq  1  24.03000    -206.00     179.00
20151002   Xavg Short  1  24.03000       0.00       0.00
20160107   RevShrtLiq  1  23.60000     -57.00     122.00
20160107     Xavg Buy  1  23.60000       0.00       0.00
20160112   RevLongLiq  1  22.91000    -169.00     -47.00
20160112   Xavg Short  1  22.91000       0.00       0.00
20160113   RevShrtLiq  1  25.20000    -329.00    -376.00
20160113     Xavg Buy  1  25.20000       0.00       0.00
20160128   L-BollExit  1  25.15000    -105.00    -481.00
------------------------------
Sys Name : XavgCross
Mkt Symb : xom.csv
20131108     Xavg Buy  1  92.73000       0.00       0.00
20140131   L-BollExit  1  92.16000    -157.00    -638.00
20140203     Xavg Buy  1  90.05000       0.00       0.00
20141210   L-BollExit  1  88.67000    -238.00    -876.00
20141211     Xavg Buy  1  89.20000       0.00       0.00
20150115   L-BollExit  1  88.96000    -124.00   -1000.00
20150116     Xavg Buy  1  91.12000       0.00       0.00
20150130   L-BollExit  1  87.42000    -470.00   -1470.00
20150202     Xavg Buy  1  89.58000       0.00       0.00
20150219   L-BollExit  1  89.44000    -114.00   -1584.00
20150220     Xavg Buy  1  89.92000       0.00       0.00
20150305   L-BollExit  1  86.74000    -418.00   -2002.00
20150306   Xavg Short  1  85.63000       0.00       0.00
20150318   RevShrtLiq  1  86.07000    -144.00   -2146.00
20150318     Xavg Buy  1  86.07000       0.00       0.00
20150319   RevLongLiq  1  84.41000    -266.00   -2412.00
20150319   Xavg Short  1  84.41000       0.00       0.00
20150401    S-TimeExi  1  84.46000    -105.00   -2517.00
20150402   Xavg Short  1  84.30000       0.00       0.00
20150407   RevShrtLiq  1  85.75000    -245.00   -2762.00
20150407     Xavg Buy  1  85.75000       0.00       0.00
20150408   RevLongLiq  1  84.06000    -269.00   -3031.00
20150408   Xavg Short  1  84.06000       0.00       0.00
20150414   RevShrtLiq  1  86.63000    -357.00   -3388.00
20150414     Xavg Buy  1  86.63000       0.00       0.00
20150513   L-BollExit  1  86.56000    -107.00   -3495.00
20150514     Xavg Buy  1  86.97000       0.00       0.00
20150526   RevLongLiq  1  85.35000    -262.00   -3757.00
20150526   Xavg Short  1  85.35000       0.00       0.00
20150618    S-TimeExi  1  85.48000    -113.00   -3870.00
20150619   Xavg Short  1  85.21000       0.00       0.00
20151016   RevShrtLiq  1  82.48000     173.00   -3697.00
20151016     Xavg Buy  1  82.48000       0.00       0.00
20151019   RevLongLiq  1  80.99000    -249.00   -3946.00
20151019   Xavg Short  1  80.99000       0.00       0.00
20151022   RevShrtLiq  1  82.89000    -290.00   -4236.00
20151022     Xavg Buy  1  82.89000       0.00       0.00
20151026   RevLongLiq  1  81.22000    -267.00   -4503.00
20151026   Xavg Short  1  81.22000       0.00       0.00
20151030   RevShrtLiq  1  82.74000    -252.00   -4755.00
20151030     Xavg Buy  1  82.74000       0.00       0.00
20151109   RevLongLiq  1  81.95000    -179.00   -4934.00
20151109   Xavg Short  1  81.95000       0.00       0.00
20160208   RevShrtLiq  1  81.16000     -21.00   -4955.00
20160208     Xavg Buy  1  81.16000       0.00       0.00
20160209   RevLongLiq  1  80.08000    -208.00   -5163.00
20160209   Xavg Short  1  80.08000       0.00       0.00
20160212   RevShrtLiq  1  81.03000    -195.00   -5358.00
20160212     Xavg Buy  1  81.03000       0.00       0.00
20160229   L-BollExit  1  80.15000    -188.00   -5546.00
