Testing from : 20120508 to: 20190821
---------------------------------------------------------------------------------
SysName         Market TotProfit  MaxDD ClsTrdDD AvgWin AvgLoss PerWins TotTrades
XavgCross       aapl.csv      -183   6259    3435    157    -238    1.18        33
XavgCross       amzn.csv     -1223  19283    1223      0    -611    1.00         2
XavgCross       dbc.csv       334   1361    1068    118    -118    1.10        10
XavgCross       fb.csv      5032   4170    4170    399    -224    1.10        21
XavgCross       gdx.csv      1930   1585    1489    344    -287    1.20        10
XavgCross       goog.csv     10978  33604   23612   1000    -843    1.09        34
XavgCross       ivm.csv    -11101  11381   11201      5    -202    1.02        58
XavgCross       msft.csv     -3940   4599    4469     19    -156    1.06        32
XavgCross       qqq.csv      -635   5694    4042    229    -307    1.07        15
XavgCross       slv.csv       936   1075     925    195    -185    1.29         7
XavgCross       spy.csv      4217   4529    2842    439    -304    1.21        14
XavgCross       twtr.csv      3173   2760    1993    844    -498    1.20         5
XavgCross       uso.csv       314   2305    1986    125    -146    1.12        16
XavgCross       vxx.csv     -9214   9459    9214      7    -244    1.02        40
XavgCross       xom.csv     -5065   6340    5065      6    -218    1.04        25
---------------------------------------------------------------------------------
Totals                     -4446  36746
-------------------------------------------------------------------
Combined Monthly Return
Date         Profit Cum.Profit
-------------------------------------------------------------------
20120531      -2766      -2766
20120629      -1684      -4450
20120731       1919      -2531
20120831       1550       -981
20120928       1162        181
20121031      -5959      -5778
20121130       2072      -3706
20121231       1243      -2463
20130131       4211       1748
20130228       2916       4664
20130328       -460       4204
20130430       2966       7170
20130531       1789       8959
20130628       1055      10014
20130731        888      10902
20130830      -3559       7343
20130930       2632       9975
20131031       7979      17954
20131129       1101      19055
20131231       3351      22406
20140131       1104      23510
20140228       3141      26651
20140331      -4926      21725
20140430      -1241      20484
20140530       4946      25430
20140630        -24      25406
20140731        163      25569
20140829        817      26386
20140930       -767      25619
20141031      -4426      21193
20141128        790      21983
20141231      -7367      14616
20150130      -5391       9225
20150227       1913      11138
20150331      -2104       9034
20150430      -4262       4772
20150529      -3605       1167
20150630      -3278      -2111
20150731       8347       6236
20150831      -8498      -2262
20150930      -3800      -6062
20151030      20340      14278
20151130       7252      21530
20151231       2238      23768
20160129      -8693      15075
20160229     -16016       -941
20160331       2349       1408
20160429      -5854      -4446
20160531          0      -4446
20160630          0      -4446
20160729          0      -4446
20160831          0      -4446
20160930          0      -4446
20161031          0      -4446
20161130          0      -4446
20161230          0      -4446
20170131          0      -4446
20170228          0      -4446
20170331          0      -4446
20170428          0      -4446
20170531          0      -4446
20170630          0      -4446
20170731          0      -4446
20170831          0      -4446
20170929          0      -4446
20171031          0      -4446
20171130          0      -4446
20171229          0      -4446
20180131          0      -4446
20180228          0      -4446
20180329          0      -4446
20180430          0      -4446
20180531          0      -4446
20180629          0      -4446
20180731          0      -4446
20180831          0      -4446
20180928          0      -4446
20181031          0      -4446
20181130          0      -4446
20181231          0      -4446
20190131          0      -4446
20190228          0      -4446
20190329          0      -4446
20190430          0      -4446
20190531          0      -4446
20190628          0      -4446
20190731          0      -4446
20190821          0      -4446
