------------------------------
Sys Name : XavgCross
Mkt Symb : aapl.csv
Profit/Loss : -184.0
Num Trades : 33
Percent Wins : 1.182
Avg Win  : 157.62
Avg Loss : -238.19
Avg Trade: -5.58
MAX DrawDown: 6260.0
------------------------------
20120531       -800       -800
20120629       -528      -1328
20120731        382       -946
20120831        778       -168
20120928         27       -141
20121031      -1125      -1266
20121130        144      -1122
20121231        759       -363
20130131       1095        732
20130228        201        933
20130328        -18        915
20130430         -1        914
20130531       -100        814
20130628        760       1574
20130731       -800        774
20130830       -977       -203
20130930       -451       -654
20131031          6       -648
20131129        477       -171
20131231         71       -100
20140131       -794       -894
20140228        -77       -971
20140331        150       -821
20140430        762        -59
20140530        613        554
20140630        250        804
20140731        267       1071
20140829        690       1761
20140930       -175       1586
20141031        725       2311
20141128       1093       3404
20141231       -855       2549
20150130        678       3227
20150227       1130       4357
20150331       -403       3954
20150430         72       4026
20150529        513       4539
20150630       -485       4054
20150731       -413       3641
20150831      -2486       1155
20150930      -1088         67
20151030        126        193
20151130       -688       -495
20151231        180       -315
20160129        792        477
20160229         65        542
20160331      -1444       -902
20160428        718       -184
------------------------------
------------------------------
Sys Name : XavgCross
Mkt Symb : amzn.csv
Profit/Loss : -1223.0
Num Trades : 2
Percent Wins : 1.0
Avg Win  : 0.0
Avg Loss : -611.5
Avg Trade: -611.5
MAX DrawDown: 19284.0
------------------------------
20150930       -147       -147
20151030      11401      11254
20151130       3890      15144
20151231       1109      16253
20160129      -8889       7364
20160229      -8587      -1223
20160331          0      -1223
20160429          0      -1223
20160531          0      -1223
20160630          0      -1223
20160729          0      -1223
20160831          0      -1223
20160930          0      -1223
20161031          0      -1223
20161130          0      -1223
20161230          0      -1223
20170131          0      -1223
20170228          0      -1223
20170331          0      -1223
20170428          0      -1223
20170531          0      -1223
20170630          0      -1223
20170731          0      -1223
20170831          0      -1223
20170929          0      -1223
20171031          0      -1223
20171130          0      -1223
20171229          0      -1223
20180131          0      -1223
20180228          0      -1223
20180329          0      -1223
20180430          0      -1223
20180531          0      -1223
20180629          0      -1223
20180731          0      -1223
20180831          0      -1223
20180928          0      -1223
20181031          0      -1223
20181130          0      -1223
20181231          0      -1223
20190131          0      -1223
20190228          0      -1223
20190329          0      -1223
20190430          0      -1223
20190531          0      -1223
20190628          0      -1223
20190731          0      -1223
20190821          0      -1223
------------------------------
------------------------------
Sys Name : XavgCross
Mkt Symb : dbc.csv
Profit/Loss : 335.0
Num Trades : 10
Percent Wins : 1.1
Avg Win  : 118.45
Avg Loss : -118.67
Avg Trade: 33.5
MAX DrawDown: 1361.0
------------------------------
20120531        184        184
20120629        -51        133
20120731       -217        -84
20120831       -307       -391
20120928       -245       -636
20121031       -136       -772
20121130        -54       -826
20121231         32       -794
20130131       -170       -964
20130228         30       -934
20130328        -18       -952
20130430        104       -848
20130531         41       -807
20130628         73       -734
20130731        -80       -814
20130830        -73       -887
20130930         90       -797
20131031          1       -796
20131129         22       -774
20131231        -13       -787
20140131         78       -709
20140228       -125       -834
20140331          1       -833
20140430        -29       -862
20140530         38       -824
20140630        -55       -879
20140731        126       -753
20140829         29       -724
20140930        181       -543
20141031         90       -453
20141128        190       -263
20141231        197        -66
20150130        105         39
20150227        -77        -38
20150331        110         72
20150430       -122        -50
20150529         58          8
20150630        -29        -21
20150731        227        206
20150831          4        210
20150930         54        264
20151030         -5        259
20151130        101        360
20151231         83        443
20160129         58        501
20160229          3        504
20160331        -54        450
20160428       -115        335
------------------------------
------------------------------
Sys Name : XavgCross
Mkt Symb : fb.csv
Profit/Loss : 5032.0
Num Trades : 21
Percent Wins : 1.095
Avg Win  : 399.87
Avg Loss : -224.47
Avg Trade: 239.62
MAX DrawDown: 4170.0
------------------------------
20120531       -443       -443
20120629        153       -290
20120731      -1083      -1373
20120831       -317      -1690
20120928       -902      -2592
20121031       -819      -3411
20121130        339      -3072
20121231       -138      -3210
20130131        436      -2774
20130228       -373      -3147
20130328       -167      -3314
20130430        219      -3095
20130531       -450      -3545
20130628       -348      -3893
20130731        932      -2961
20130830        449      -2512
20130930        894      -1618
20131031         -2      -1620
20131129       -320      -1940
20131231        764      -1176
20140131        792       -384
20140228        589        205
20140331       -822       -617
20140430        -46       -663
20140530        352       -311
20140630        399         88
20140731        536        624
20140829        217        841
20140930        422       1263
20141031       -405        858
20141128        271       1129
20141231         32       1161
20150130       -211        950
20150227        306       1256
20150331        325       1581
20150430       -345       1236
20150529         42       1278
20150630        658       1936
20150731        824       2760
20150831       -458       2302
20150930         47       2349
20151030       1207       3556
20151130        227       3783
20151231         42       3825
20160129        755       4580
20160229       -529       4051
20160331        718       4769
20160428        263       5032
------------------------------
------------------------------
Sys Name : XavgCross
Mkt Symb : gdx.csv
Profit/Loss : 1930.0
Num Trades : 10
Percent Wins : 1.2
Avg Win  : 344.25
Avg Loss : -287.62
Avg Trade: 193.0
MAX DrawDown: 1586.0
------------------------------
20120531        -77        -77
20120629       -284       -361
20120731        194       -167
20120831       -611       -778
20120928       -649      -1427
20121031         79      -1348
20121130        535       -813
20121231        116       -697
20130131        477       -220
20130228        422        202
20130328        -45        157
20130430        749        906
20130531         86        992
20130628        501       1493
20130731       -250       1243
20130830       -114       1129
20130930        311       1440
20131031         -8       1432
20131129        282       1714
20131231        115       1829
20140131       -235       1594
20140228       -240       1354
20140331        227       1581
20140430        -50       1531
20140530        161       1692
20140630       -395       1297
20140731         54       1351
20140829        -78       1273
20140930        533       1806
20141031        415       2221
20141128       -115       2106
20141231         -2       2104
20150130       -391       1713
20150227        101       1814
20150331        304       2118
20150430       -187       1931
20150529         53       1984
20150630        182       2166
20150731        401       2567
20150831        -36       2531
20150930         37       2568
20151030       -122       2446
20151130        120       2566
20151231          4       2570
20160129        -49       2521
20160229      -1081       1440
20160331         59       1499
20160428        431       1930
------------------------------
------------------------------
Sys Name : XavgCross
Mkt Symb : goog.csv
Profit/Loss : 10979.0
Num Trades : 34
Percent Wins : 1.088
Avg Win  : 1000.57
Avg Loss : -843.29
Avg Trade: 322.91
MAX DrawDown: 33604.0
------------------------------
20120531      -1663      -1663
20120629       -142      -1805
20120731       2580        775
20120831       2607       3382
20120928       3470       6852
20121031      -3710       3142
20121130        904       4046
20121231        450       4496
20130131       2416       6912
20130228       2275       9187
20130328       -351       8836
20130430       1520      10356
20130531       2332      12688
20130628        458      13146
20130731        369      13515
20130830      -2043      11472
20130930       1451      12923
20131031       7733      20656
20131129       1451      22107
20131231       3056      25163
20140131       3013      28176
20140228       1734      29910
20140331      -5086      24824
20140430      -3031      21793
20140530       3323      25116
20140630       1539      26655
20140731       -368      26287
20140829          0      26287
20140930        576      26863
20141031      -5102      21761
20141128      -1725      20036
20141231      -5429      14607
20150130      -4264      10343
20150227       1224      11567
20150331      -1040      10527
20150430      -4160       6367
20150529      -4379       1988
20150630      -2752       -764
20150731       5202       4438
20150831       -736       3702
20150930       -983       2719
20151030      10239      12958
20151130       3179      16137
20151231       1628      17765
20160129      -1593      16172
20160229      -4518      11654
20160331       4718      16372
20160428      -5393      10979
------------------------------
------------------------------
Sys Name : XavgCross
Mkt Symb : ivm.csv
Profit/Loss : -11102.0
Num Trades : 58
Percent Wins : 1.017
Avg Win  : 5.92
Avg Loss : -202.65
Avg Trade: -191.41
MAX DrawDown: 11382.0
------------------------------
20120531         34         34
20120629       -836       -802
20120731        -68       -870
20120831       -528      -1398
20120928       -319      -1717
20121031        181      -1536
20121130        -45      -1581
20121231       -224      -1805
20130131       -765      -2570
20130228       -108      -2678
20130328       -484      -3162
20130430         33      -3129
20130531       -493      -3622
20130628       -142      -3764
20130731       -713      -4477
20130830        237      -4240
20130930       -622      -4862
20131031       -571      -5433
20131129       -637      -6070
20131231       -203      -6273
20140131       -174      -6447
20140228       -720      -7167
20140331          7      -7160
20140430        216      -6944
20140530        -88      -7032
20140630       -685      -7717
20140731        734      -6983
20140829       -537      -7520
20140930        721      -6799
20141031       -721      -7520
20141128        -13      -7533
20141231       -745      -8278
20150130        392      -7886
20150227       -434      -8320
20150331       -169      -8489
20150430       -419      -8908
20150529       -271      -9179
20150630         97      -9082
20150731       -954     -10036
20150831        -34     -10070
20150930        600      -9470
20151030       -614     -10084
20151130       -376     -10460
20151231        190     -10270
20160129        966      -9304
20160229         23      -9281
20160331       -790     -10071
20160428      -1031     -11102
------------------------------
------------------------------
Sys Name : XavgCross
Mkt Symb : msft.csv
Profit/Loss : -3940.0
Num Trades : 32
Percent Wins : 1.062
Avg Win  : 19.18
Avg Loss : -156.4
Avg Trade: -123.13
MAX DrawDown: 4599.0
------------------------------
20120531         56         56
20120629       -358       -302
20120731        -46       -348
20120831       -354       -702
20120928       -160       -862
20121031        122       -740
20121130        192       -548
20121231         -9       -557
20130131        -74       -631
20130228        -35       -666
20130328        -81       -747
20130430       -531      -1278
20130531       -459      -1737
20130628          7      -1730
20130731        168      -1562
20130830       -156      -1718
20130930         12      -1706
20131031       -329      -2035
20131129       -520      -2555
20131231        -78      -2633
20140131       -143      -2776
20140228       -303      -3079
20140331       -117      -3196
20140430       -144      -3340
20140530        -83      -3423
20140630         76      -3347
20140731        146      -3201
20140829        227      -2974
20140930         93      -2881
20141031         59      -2822
20141128         86      -2736
20141231       -136      -2872
20150130       -253      -3125
20150227       -471      -3596
20150331        102      -3494
20150430        162      -3332
20150529       -178      -3510
20150630       -271      -3781
20150731        255      -3526
20150831       -508      -4034
20150930       -300      -4334
20151030        668      -3666
20151130        171      -3495
20151231        113      -3382
20160129        -39      -3421
20160229       -421      -3842
20160331        435      -3407
20160428       -533      -3940
------------------------------
------------------------------
Sys Name : XavgCross
Mkt Symb : qqq.csv
Profit/Loss : -635.0
Num Trades : 15
Percent Wins : 1.067
Avg Win  : 229.44
Avg Loss : -307.57
Avg Trade: -42.33
MAX DrawDown: 5694.0
------------------------------
20120531        -45        -45
20120629         85         40
20120731         64        104
20120831        336        440
20120928         41        481
20121031       -362        119
20121130         85        204
20121231        -67        137
20130131        174        311
20130228         23        334
20130328        187        521
20130430        175        696
20130531        253        949
20130628       -198        751
20130731        450       1201
20130830        -30       1171
20130930        341       1512
20131031        391       1903
20131129        294       2197
20131231        223       2420
20140131       -169       2251
20140228        444       2695
20140331       -267       2428
20140430        -28       2400
20140530        392       2792
20140630        260       3052
20140731        111       3163
20140829        476       3639
20140930        -99       3540
20141031        261       3801
20141128        461       4262
20141231       -276       3986
20150130       -215       3771
20150227        730       4501
20150331       -280       4221
20150430        203       4424
20150529        242       4666
20150630       -298       4368
20150731        488       4856
20150831      -1878       2978
20150930      -2363        615
20151030        607       1222
20151130         69       1291
20151231       -216       1075
20160129       -725        350
20160229        163        513
20160331       -756       -243
20160428       -392       -635
------------------------------
------------------------------
Sys Name : XavgCross
Mkt Symb : slv.csv
Profit/Loss : 936.0
Num Trades : 7
Percent Wins : 1.286
Avg Win  : 195.67
Avg Loss : -185.0
Avg Trade: 133.71
MAX DrawDown: 1075.0
------------------------------
20120531         38         38
20120629         10         48
20120731        -47          1
20120831       -399       -398
20120928       -382       -780
20121031         73       -707
20121130       -109       -816
20121231        299       -517
20130131       -107       -624
20130228        290       -334
20130328         11       -323
20130430        397         74
20130531        202        276
20130628        247        523
20130731        -17        506
20130830       -346        160
20130930        170        330
20131031        -20        310
20131129        186        496
20131231         53        549
20140131         26        575
20140228       -190        385
20140331        131        516
20140430         58        574
20140530         38        612
20140630       -217        395
20140731         67        462
20140829         87        549
20140930        236        785
20141031         85        870
20141128         68        938
20141231        -24        914
20150130       -148        766
20150227         67        833
20150331         -6        827
20150430         50        877
20150529        -56        821
20150630         96        917
20150731         95       1012
20150831          9       1021
20150930         12       1033
20151030        -93        940
20151130        136       1076
20151231         25       1101
20160129        -40       1061
20160229        -61       1000
20160331        -48        952
20160429        -16        936
------------------------------
------------------------------
Sys Name : XavgCross
Mkt Symb : spy.csv
Profit/Loss : 4217.0
Num Trades : 14
Percent Wins : 1.214
Avg Win  : 439.47
Avg Loss : -304.91
Avg Trade: 301.21
MAX DrawDown: 4530.0
------------------------------
20120531        -50        -50
20120629        267        217
20120731        160        377
20120831        345        722
20120928        281       1003
20121031       -262        741
20121130         81        822
20121231         25        847
20130131        729       1576
20130228        191       1767
20130328        506       2273
20130430        301       2574
20130531        377       2951
20130628       -303       2648
20130731        829       3477
20130830       -506       2971
20130930        436       3407
20131031        778       4185
20131129        516       4701
20131231        374       5075
20140131       -651       4424
20140228        811       5235
20140331         72       5307
20140430        130       5437
20140530        437       5874
20140630        304       6178
20140731       -263       5915
20140829        762       6677
20140930       -369       6308
20141031        464       6772
20141128        554       7326
20141231       -166       7160
20150130       -609       6551
20150227       1121       7672
20150331       -423       7249
20150430        203       7452
20150529        268       7720
20150630       -529       7191
20150731        465       7656
20150831      -1391       6265
20150930        676       6941
20151030      -1198       5743
20151130         76       5819
20151231      -1580       4239
20160129        345       4584
20160229         16       4600
20160331       -576       4024
20160428        193       4217
------------------------------
------------------------------
Sys Name : XavgCross
Mkt Symb : twtr.csv
Profit/Loss : 3174.0
Num Trades : 5
Percent Wins : 1.2
Avg Win  : 844.67
Avg Loss : -498.5
Avg Trade: 634.8
MAX DrawDown: 2760.0
------------------------------
20131129       -198       -198
20131231      -1536      -1734
20140131        -85      -1819
20140228        966       -853
20140331        824        -29
20140430        770        741
20140530        653       1394
20140630       -853        541
20140731       -422        119
20140829       -456       -337
20140930       -183       -520
20141031       1011        491
20141128        -27        464
20141231        587       1051
20150130       -166        885
20150227      -1055       -170
20150331       -200       -370
20150430       1112        742
20150529        229        971
20150630         45       1016
20150731        521       1537
20150831        322       1859
20150930         85       1944
20151030       -152       1792
20151130        306       2098
20151231        226       2324
20160129        634       2958
20160229       -132       2826
20160331        157       2983
20160428        191       3174
------------------------------
------------------------------
Sys Name : XavgCross
Mkt Symb : uso.csv
Profit/Loss : 315.0
Num Trades : 16
Percent Wins : 1.125
Avg Win  : 125.78
Avg Loss : -146.36
Avg Trade: 19.69
MAX DrawDown: 2305.0
------------------------------
20131129       -174       -174
20131231        185         11
20140131       -144       -133
20140228        194         61
20140331        -15         46
20140430        -27         19
20140530        136        155
20140630        120        275
20140731       -257         18
20140829       -565       -547
20140930      -1439      -1986
20141031        378      -1608
20141128        505      -1103
20141231        522       -581
20150130        254       -327
20150227        -28       -355
20150331        126       -229
20150430       -367       -596
20150529         20       -576
20150630         43       -533
20150731        429       -104
20150831        -30       -134
20150930        121        -13
20151030        -13        -26
20151130        188        162
20151231        193        355
20160129        135        490
20160229         65        555
20160331        -70        485
20160429       -170        315
------------------------------
------------------------------
Sys Name : XavgCross
Mkt Symb : vxx.csv
Profit/Loss : -9215.0
Num Trades : 40
Percent Wins : 1.025
Avg Win  : 7.88
Avg Loss : -244.56
Avg Trade: -230.37
MAX DrawDown: 9460.0
------------------------------
20131129       -353       -353
20131231       -432       -785
20140131        594       -191
20140228       -564       -755
20140331       -172       -927
20140430       -295      -1222
20140530       -838      -2060
20140630       -782      -2842
20140731       -394      -3236
20140829        -87      -3323
20140930       -723      -4046
20141031      -1952      -5998
20141128         54      -5944
20141231      -1105      -7049
20150130        356      -6693
20150227       -449      -7142
20150331        199      -6943
20150430        379      -6564
20150529        282      -6282
20150630       -108      -6390
20150731        408      -5982
20150831      -1673      -7655
20150930       -640      -8295
20151030        260      -8035
20151130          3      -8032
20151231       -130      -8162
20160129      -1053      -9215
20160229          0      -9215
20160331          0      -9215
20160428          0      -9215
------------------------------
------------------------------
Sys Name : XavgCross
Mkt Symb : xom.csv
Profit/Loss : -5065.0
Num Trades : 25
Percent Wins : 1.04
Avg Win  : 6.65
Avg Loss : -218.25
Avg Trade: -202.6
MAX DrawDown: 6341.0
------------------------------
20131129         75         75
20131231        772        847
20140131      -1004       -157
20140228        622        465
20140331        141        606
20140430        473       1079
20140530       -188        891
20140630         15        906
20140731       -174        732
20140829         52        784
20140930       -541        243
20141031        266        509
20141128       -612       -103
20141231         33        -70
20150130       -919       -989
20150227       -252      -1241
20150331       -749      -1990
20150430       -843      -2833
20150529       -428      -3261
20150630         73      -3188
20150731        399      -2789
20150831        397      -2392
20150930         89      -2303
20151030      -1971      -4274
20151130       -150      -4424
20151231        371      -4053
20160129         10      -4043
20160229      -1022      -5065
20160331          0      -5065
20160428          0      -5065
------------------------------
